112 2.0
113 6.0
116 13.0
117 19.0
118 24.0
120 42.0
121 58.0
122 69.0
123 74.0
124 105.0
125 136.0
126 167.0
127 179.0
128 254.0
129 307.0
130 373.0
131 420.0
132 582.0
133 677.0
134 793.0
135 905.0
136 1138.0
137 1319.0
138 1549.0
139 1744.0
140 2147.0
141 2422.0
142 2794.0
143 3076.0
144 3748.0
145 4204.0
146 4821.0
147 5297.0
148 6300.0
149 6997.0
150 7949.0
151 8760.0
152 10228.0
153 11306.0
154 12711.0
155 13897.0
156 16001.0
157 17574.0
158 19660.0
159 21439.0
160 24440.0
161 26690.0
162 29509.0
163 32109.0
164 36159.0
165 39475.0
166 43656.0
167 47214.0
168 52676.0
169 57129.0
170 62972.0
171 67724.0
172 75079.0
173 80975.0
174 88442.0
175 95139.0
176 104824.0
177 112544.0
178 122526.0
179 131233.0
180 143913.0
181 154125.0
182 166977.0
183 178300.0
184 194359.0
185 207954.0
186 224637.0
187 239182.0
188 259146.0
189 276032.0
190 297019.0
191 315766.0
192 341165.0
193 362376.0
194 388976.0
195 412622.0
196 444146.0
197 470380.0
198 503055.0
199 532459.0
200 571314.0
201 604567.0
202 644924.0
203 680825.0
204 728343.0
205 768686.0
206 818831.0
207 862695.0
208 920022.0
209 969380.0
210 1029309.0
211 1082754.0
212 1152078.0
213 1211059.0
214 1283643.0
215 1348298.0
216 1431329.0
217 1502667.0
218 1588216.0
219 1666186.0
220 1764720.0
221 1849484.0
222 1951213.0
223 2042971.0
224 2159610.0
225 2260850.0
226 2382040.0
227 2490098.0
228 2625497.0
229 2744591.0
230 2887129.0
231 3015152.0
232 3173618.0
233 3312249.0
234 3476861.0
235 3627451.0
236 3811917.0
237 3973031.0
238 4163586.0
239 4337444.0
240 4551681.0
241 4738680.0
242 4960020.0
243 5158777.0
244 5402639.0
245 5619398.0
246 5872806.0
247 6102461.0
248 6382426.0
249 6629258.0
250 6920674.0
251 7185042.0
252 7502899.0
253 7784706.0
254 8114264.0
255 8415463.0
256 8778023.0
257 9097261.0
258 9468473.0
259 9808936.0
260 10217309.0
261 10579580.0
262 10998441.0
263 11381137.0
264 11840059.0
265 12251542.0
266 12723125.0
267 13152889.0
268 13665590.0
269 14123916.0
270 14655763.0
271 15138591.0
272 15709530.0
273 16220720.0
274 16812328.0
275 17352585.0
276 17988991.0
277 18558297.0
278 19214092.0
279 19814073.0
280 20521321.0
281 21154189.0
282 21876499.0
283 22538493.0
284 23316026.0
285 24017339.0
286 24818262.0
287 25549044.0
288 26402210.0
289 27170986.0
290 28053920.0
291 28859071.0
292 29796150.0
293 30643197.0
294 31605647.0
295 32494728.0
296 33519813.0
297 34444913.0
298 35495147.0
299 36460022.0
300 37578914.0
301 38591654.0
302 39732601.0
303 40782650.0
304 41996526.0
305 43102641.0
306 44345823.0
307 45487099.0
308 46798274.0
309 47990477.0
310 49342024.0
311 50578799.0
312 51992482.0
313 53280188.0
314 54730482.0
315 56073010.0
316 57599176.0
317 58987809.0
318 60548317.0
319 61989742.0
320 63633973.0
321 65128401.0
322 66801404.0
323 68344678.0
324 70099108.0
325 71708855.0
326 73501649.0
327 75154365.0
328 77025547.0
329 78741192.0
330 80661551.0
331 82431528.0
332 84425474.0
333 86252146.0
334 88287639.0
335 90180276.0
336 92301177.0
337 94244269.0
338 96405367.0
339 98406111.0
340 100661839.0
341 102726851.0
342 105014177.0
343 107135047.0
344 109510974.0
345 111706828.0
346 114128320.0
347 116371661.0
348 118874573.0
349 121182990.0
350 123740829.0
351 126108517.0
352 128739417.0
353 131172503.0
354 133856850.0
355 136361717.0
356 139124829.0
357 141676105.0
358 144479900.0
359 147092937.0
360 149999801.0
361 152681590.0
362 155617502.0
363 158354622.0
364 161378503.0
365 164195574.0
366 167269796.0
367 170126937.0
368 173274462.0
369 176198426.0
370 179405205.0
371 182390135.0
372 185665827.0
373 188711195.0
374 192036864.0
375 195156057.0
376 198564407.0
377 201727511.0
378 205173933.0
379 208397599.0
380 211932942.0
381 215215945.0
382 218783895.0
383 222120261.0
384 225764693.0
385 229174549.0
386 232861346.0
387 236305953.0
388 240060243.0
389 243571851.0
390 247387592.0
391 250944209.0
392 254808008.0
393 258418184.0
394 262323970.0
395 266004933.0
396 269980275.0
397 273694318.0
398 277702206.0
399 281460223.0
400 285549242.0
401 289362381.0
402 293468271.0
403 297321933.0
404 301489534.0
405 305412323.0
406 309613751.0
407 313557557.0
408 317809294.0
409 321803253.0
410 326107714.0
411 330136233.0
412 334470609.0
413 338541907.0
414 342910317.0
415 347039289.0
416 351450479.0
417 355590077.0
418 360025457.0
419 364203771.0
420 368701351.0
421 372915373.0
422 377407501.0
423 381648827.0
424 386186804.0
425 390476561.0
426 395037440.0
427 399329918.0
428 403917370.0
429 408240672.0
430 412858995.0
431 417207714.0
432 421840503.0
433 426209873.0
434 430849142.0
435 435252933.0
436 439921173.0
437 444328081.0
438 449005129.0
439 453426147.0
440 458137665.0
441 462569738.0
442 467259341.0
443 471706160.0
444 476423404.0
445 480899749.0
446 485609083.0
447 490071116.0
448 494796099.0
449 499267292.0
450 504011459.0
451 508489302.0
452 513207740.0
453 517680748.0
454 522397624.0
455 526891307.0
456 531615331.0
457 536090046.0
458 540797471.0
459 545267372.0
460 549989140.0
461 554454946.0
462 559149953.0
463 563603391.0
464 568284195.0
465 572745613.0
466 577409392.0
467 581841836.0
468 586496598.0
469 590915996.0
470 595556615.0
471 599956324.0
472 604569116.0
473 608952359.0
474 613543709.0
475 617928525.0
476 622488020.0
477 626832247.0
478 631366767.0
479 635690202.0
480 640219232.0
481 644520411.0
482 648995545.0
483 653263245.0
484 657712901.0
485 661972521.0
486 666391206.0
487 670603251.0
488 674985272.0
489 679162684.0
490 683525785.0
491 687675623.0
492 691990553.0
493 696102256.0
494 700370494.0
495 704462479.0
496 708696912.0
497 712737239.0
498 716932366.0
499 720939067.0
500 725100402.0
501 729062124.0
502 733163730.0
503 737088654.0
504 741153988.0
505 745049649.0
506 749058053.0
507 752894916.0
508 756860242.0
509 760658448.0
510 764587735.0
511 768336457.0
512 772197228.0
513 775894665.0
514 779707227.0
515 783376373.0
516 787142932.0
517 790746397.0
518 794450616.0
519 798004421.0
520 801673221.0
521 805177775.0
522 808782615.0
523 812241289.0
524 815789005.0
525 819205279.0
526 822695263.0
527 826045692.0
528 829493680.0
529 832793769.0
530 836179970.0
531 839427998.0
532 842748801.0
533 845945780.0
534 849221707.0
535 852374280.0
536 855583198.0
537 858666166.0
538 861818595.0
539 864851050.0
540 867967935.0
541 870945180.0
542 873975355.0
543 876892564.0
544 879872744.0
545 882750313.0
546 885678539.0
547 888487583.0
548 891350405.0
549 894106611.0
550 896919338.0
551 899620664.0
552 902374771.0
553 905022539.0
554 907706995.0
555 910304915.0
556 912938248.0
557 915473815.0
558 918057896.0
559 920536205.0
560 923058306.0
561 925482146.0
562 927937004.0
563 930311362.0
564 932724531.0
565 935050390.0
566 937392311.0
567 939649754.0
568 941941112.0
569 944153620.0
570 946400620.0
571 948558290.0
572 950733433.0
573 952836708.0
574 954961292.0
575 957018727.0
576 959099399.0
577 961097855.0
578 963113747.0
579 965061105.0
580 967030834.0
581 968931556.0
582 970848272.0
583 972696678.0
584 974558791.0
585 976360852.0
586 978169833.0
587 979918726.0
588 981686438.0
589 983388407.0
590 985101923.0
591 986755602.0
592 988414211.0
593 990023492.0
594 991643803.0
595 993211397.0
596 994773772.0
597 996286228.0
598 997805086.0
599 999277525.0
600 1000761271.0
601 1002187434.0
602 1003613888.0
603 1004996091.0
604 1006381003.0
605 1007727094.0
606 1009071616.0
607 1010368420.0
608 1011668375.0
609 1012923726.0
610 1014183169.0
611 1015402332.0
612 1016623512.0
613 1017802150.0
614 1018975537.0
615 1020116209.0
616 1021253489.0
617 1022356168.0
618 1023458955.0
619 1024523966.0
620 1025585960.0
621 1026612390.0
622 1027635253.0
623 1028628671.0
624 1029623530.0
625 1030584360.0
626 1031533950.0
627 1032455629.0
628 1033376966.0
629 1034270325.0
630 1035164125.0
631 1036024324.0
632 1036877434.0
633 1037704695.0
634 1038527203.0
635 1039329096.0
636 1040126594.0
637 1040894096.0
638 1041654109.0
639 1042391376.0
640 1043127004.0
641 1043839765.0
642 1044546546.0
643 1045231984.0
644 1045907731.0
645 1046564407.0
646 1047214513.0
647 1047846759.0
648 1048476109.0
649 1049084277.0
650 1049684866.0
651 1050265429.0
652 1050837888.0
653 1051398663.0
654 1051954381.0
655 1052490500.0
656 1053018750.0
657 1053531509.0
658 1054038523.0
659 1054532505.0
660 1055024349.0
661 1055496544.0
662 1055959248.0
663 1056411008.0
664 1056855106.0
665 1057290610.0
666 1057719156.0
667 1058132350.0
668 1058539492.0
669 1058932691.0
670 1059322027.0
671 1059701582.0
672 1060076124.0
673 1060438700.0
674 1060792976.0
675 1061137180.0
676 1061475407.0
677 1061804536.0
678 1062129698.0
679 1062444302.0
680 1062751640.0
681 1063050131.0
682 1063342711.0
683 1063629956.0
684 1063913368.0
685 1064186722.0
686 1064452221.0
687 1064710381.0
688 1064962904.0
689 1065210146.0
690 1065454243.0
691 1065689813.0
692 1065918207.0
693 1066141830.0
694 1066360635.0
695 1066574727.0
696 1066783554.0
697 1066986035.0
698 1067181241.0
699 1067372033.0
700 1067559414.0
701 1067742535.0
702 1067921487.0
703 1068093947.0
704 1068261594.0
705 1068424794.0
706 1068584284.0
707 1068739463.0
708 1068892463.0
709 1069039771.0
710 1069182396.0
711 1069320213.0
712 1069455629.0
713 1069587794.0
714 1069717341.0
715 1069843089.0
716 1069963747.0
717 1070080739.0
718 1070194993.0
719 1070306420.0
720 1070416411.0
721 1070522069.0
722 1070623840.0
723 1070722271.0
724 1070819365.0
725 1070914308.0
726 1071006322.0
727 1071094841.0
728 1071180625.0
729 1071264492.0
730 1071345233.0
731 1071424201.0
732 1071501632.0
733 1071576236.0
734 1071648071.0
735 1071717600.0
736 1071785218.0
737 1071851162.0
738 1071915777.0
739 1071977581.0
740 1072037039.0
741 1072094889.0
742 1072151038.0
743 1072206109.0
744 1072259897.0
745 1072311926.0
746 1072361226.0
747 1072408955.0
748 1072455352.0
749 1072500507.0
750 1072544505.0
751 1072587374.0
752 1072628231.0
753 1072667783.0
754 1072705650.0
755 1072743172.0
756 1072779901.0
757 1072814793.0
758 1072847799.0
759 1072879820.0
760 1072910867.0
761 1072941407.0
762 1072971089.0
763 1072999741.0
764 1073026828.0
765 1073053371.0
766 1073079037.0
767 1073103661.0
768 1073127975.0
769 1073151401.0
770 1073173603.0
771 1073194922.0
772 1073215523.0
773 1073235988.0
774 1073255914.0
775 1073274874.0
776 1073292681.0
777 1073309778.0
778 1073326392.0
779 1073343041.0
780 1073358871.0
781 1073374231.0
782 1073388628.0
783 1073402424.0
784 1073415829.0
785 1073429119.0
786 1073441729.0
787 1073454165.0
788 1073465605.0
789 1073476408.0
790 1073487106.0
791 1073497735.0
792 1073507844.0
793 1073517522.0
794 1073526707.0
795 1073535598.0
796 1073543951.0
797 1073552289.0
798 1073560423.0
799 1073568141.0
800 1073575335.0
801 1073582255.0
802 1073588866.0
803 1073595383.0
804 1073601767.0
805 1073607883.0
806 1073613527.0
807 1073618930.0
808 1073624223.0
809 1073629455.0
810 1073634577.0
811 1073639346.0
812 1073643816.0
813 1073647955.0
814 1073652096.0
815 1073656215.0
816 1073660118.0
817 1073663816.0
818 1073667196.0
819 1073670473.0
820 1073673744.0
821 1073676899.0
822 1073679892.0
823 1073682873.0
824 1073685554.0
825 1073688149.0
826 1073690624.0
827 1073693004.0
828 1073695328.0
829 1073697630.0
830 1073699548.0
831 1073701488.0
832 1073703355.0
833 1073705136.0
834 1073706979.0
835 1073708681.0
836 1073710296.0
837 1073711762.0
838 1073713191.0
839 1073714583.0
840 1073715937.0
841 1073717148.0
842 1073718308.0
843 1073719466.0
844 1073720558.0
845 1073721568.0
846 1073722672.0
847 1073723749.0
848 1073724677.0
849 1073725518.0
850 1073726385.0
851 1073727181.0
852 1073727971.0
853 1073728664.0
854 1073729311.0
855 1073729958.0
856 1073730560.0
857 1073731139.0
858 1073731744.0
859 1073732272.0
860 1073732794.0
861 1073733276.0
862 1073733747.0
863 1073734166.0
864 1073734560.0
865 1073734973.0
866 1073735326.0
867 1073735699.0
868 1073736035.0
869 1073736368.0
870 1073736697.0
871 1073736988.0
872 1073737251.0
873 1073737472.0
874 1073737694.0
875 1073737965.0
876 1073738217.0
877 1073738420.0
878 1073738606.0
879 1073738774.0
880 1073738936.0
881 1073739098.0
882 1073739257.0
883 1073739401.0
884 1073739558.0
885 1073739672.0
886 1073739797.0
887 1073739909.0
888 1073740014.0
889 1073740114.0
890 1073740215.0
891 1073740324.0
892 1073740422.0
893 1073740516.0
894 1073740593.0
895 1073740671.0
896 1073740745.0
897 1073740807.0
898 1073740865.0
899 1073740931.0
900 1073740987.0
901 1073741039.0
902 1073741086.0
903 1073741124.0
904 1073741174.0
905 1073741214.0
906 1073741258.0
907 1073741309.0
908 1073741347.0
909 1073741376.0
910 1073741400.0
911 1073741432.0
912 1073741453.0
913 1073741479.0
914 1073741495.0
915 1073741514.0
916 1073741537.0
917 1073741561.0
918 1073741576.0
919 1073741597.0
920 1073741622.0
921 1073741638.0
922 1073741649.0
923 1073741659.0
924 1073741676.0
925 1073741680.0
926 1073741690.0
927 1073741696.0
928 1073741707.0
929 1073741711.0
930 1073741719.0
931 1073741726.0
932 1073741730.0
933 1073741739.0
934 1073741747.0
935 1073741753.0
936 1073741763.0
937 1073741766.0
938 1073741769.0
939 1073741772.0
940 1073741774.0
941 1073741779.0
942 1073741784.0
943 1073741787.0
944 1073741794.0
945 1073741796.0
946 1073741797.0
947 1073741798.0
948 1073741799.0
949 1073741802.0
951 1073741804.0
952 1073741808.0
953 1073741812.0
954 1073741815.0
958 1073741817.0
962 1073741819.0
966 1073741820.0
968 1073741821.0
969 1073741822.0
970 1073741823.0
975 1073741824.0
