108 1
109 1
112 2
113 3
116 15
117 5
118 8
119 1
120 21
121 12
122 10
123 5
124 47
125 25
126 29
127 20
128 87
129 60
130 74
131 51
132 160
133 86
134 118
135 101
136 268
137 158
138 240
139 182
140 447
141 288
142 410
143 309
144 639
145 465
146 601
147 488
148 992
149 728
150 1012
151 813
152 1431
153 1093
154 1488
155 1258
156 2080
157 1589
158 2134
159 1841
160 2865
161 2298
162 2900
163 2615
164 4052
165 3282
166 4097
167 3433
168 5510
169 4459
170 5614
171 4980
172 7282
173 5951
174 7719
175 6799
176 9681
177 7801
178 9968
179 8817
180 12558
181 10361
182 12837
183 11352
184 16087
185 13274
186 16707
187 14522
188 20149
189 17023
190 21006
191 19128
192 25438
193 21065
194 26626
195 23543
196 31553
197 26461
198 32768
199 29097
200 39163
201 32859
202 40542
203 36009
204 47923
205 40659
206 49159
207 43899
208 57782
209 49573
210 60624
211 54297
212 68955
213 59584
214 71864
215 64774
216 83363
217 71238
218 85827
219 77488
220 98497
221 85308
222 101796
223 92201
224 116709
225 101914
226 120474
227 108370
228 136576
229 118537
230 141555
231 127931
232 158571
233 138822
234 164581
235 149767
236 185555
237 161217
238 191104
239 173033
240 214007
241 186907
242 219197
243 199579
244 245181
245 216671
246 252928
247 229757
248 279592
249 247989
250 290482
251 263177
252 318137
253 280632
254 329269
255 301027
256 361470
257 319231
258 371953
259 339502
260 408853
261 363602
262 419758
263 382567
264 459492
265 410154
266 472420
267 430254
268 512279
269 459138
270 530120
271 482301
272 571709
273 511544
274 589588
275 542318
276 635792
277 568595
278 652124
279 599742
280 707655
281 633855
282 721798
283 663448
284 777725
285 704511
286 798663
287 733351
288 853794
289 771354
290 880868
291 808158
292 936845
293 845519
294 962402
295 890239
296 1025870
297 926172
298 1048491
299 967384
300 1121006
301 1013256
302 1143702
303 1051013
304 1212568
305 1104176
306 1241725
307 1142672
308 1311239
309 1195826
310 1349152
311 1238758
312 1416064
313 1289939
314 1449941
315 1343598
316 1524274
317 1388788
318 1559189
319 1442014
320 1642027
321 1495869
322 1669617
323 1547523
324 1755609
325 1615297
326 1792086
327 1655100
328 1873017
329 1717692
330 1918690
331 1773029
332 1989960
333 1827470
334 2032454
335 1893541
336 2123248
337 1948315
338 2158563
339 2005614
340 2251814
341 2069627
342 2282756
343 2124301
344 2376162
345 2197663
346 2413264
347 2242056
348 2498416
349 2308559
350 2551802
351 2368351
352 2630194
353 2430444
354 2676464
355 2504464
356 2763821
357 2555530
358 2806971
359 2620270
360 2907161
361 2684628
362 2930520
363 2741961
364 3022470
365 2820369
366 3065282
367 2865805
368 3151957
369 2928186
370 3208968
371 2987961
372 3277092
373 3044667
374 3321188
375 3120922
376 3402765
377 3166929
378 3444386
379 3225571
380 3537586
381 3286949
382 3562039
383 3341237
384 3648164
385 3410057
386 3681063
387 3452377
388 3753017
389 3513251
390 3812875
391 3566030
392 3858563
393 3616032
394 3901569
395 3685101
396 3975844
397 3716817
398 4001577
399 3768857
400 4086039
401 3818794
402 4102705
403 3860602
404 4167927
405 3922254
406 4194557
407 3949519
408 4250395
409 3998787
410 4299355
411 4029890
412 4326310
413 4072379
414 4362996
415 4128360
416 4407147
417 4145531
418 4428581
419 4180316
420 4495278
421 4216810
422 4490674
423 4239873
424 4534763
425 4296146
426 4556191
427 4299076
428 4587031
429 4326075
430 4613527
431 4346533
432 4627817
433 4370365
434 4637537
435 4408507
436 4662718
437 4406825
438 4670865
439 4424918
440 4710047
441 4439709
442 4688774
443 4448463
444 4715022
445 4481685
446 4710121
447 4463802
448 4718433
449 4476969
450 4738675
451 4480917
452 4720234
453 4473011
454 4710787
455 4500045
456 4720454
457 4475653
458 4695135
459 4468448
460 4717056
461 4469755
462 4687982
463 4456080
464 4676324
465 4462527
466 4659735
467 4439415
468 4650931
469 4422675
470 4639258
471 4404508
472 4603059
473 4389397
474 4587573
475 4386400
476 4558897
477 4343052
478 4529994
479 4326109
480 4532462
481 4303237
482 4471833
483 4267693
484 4451528
485 4263662
486 4421397
487 4214859
488 4378735
489 4180889
490 4359579
491 4155705
492 4314280
493 4117551
494 4268256
495 4094553
496 4227750
497 4044789
498 4188290
499 4006440
500 4160648
501 3964570
502 4097898
503 3925946
504 4059482
505 3895144
506 4003430
507 3837245
508 3963233
509 3794867
510 3932988
511 3747389
512 3857993
513 3697025
514 3811342
515 3670208
516 3764996
517 3605964
518 3704095
519 3556728
520 3669228
521 3510014
522 3604078
523 3457792
524 3544087
525 3417594
526 3487727
527 3353511
528 3442828
529 3303230
530 3389884
531 3248358
532 3320743
533 3197908
534 3271356
535 3156489
536 3207355
537 3082423
538 3149905
539 3035905
540 3113007
541 2978692
542 3033960
543 2920746
544 2976800
545 2879342
546 2927125
547 2808432
548 2857864
549 2756637
550 2812195
551 2703557
552 2751773
553 2645535
554 2685243
555 2598425
556 2628647
557 2534311
558 2580547
559 2482590
560 2523373
561 2425249
562 2456815
563 2374453
564 2409298
565 2325510
566 2344121
567 2259268
568 2290076
569 2212030
570 2245841
571 2156556
572 2174200
573 2101985
574 2125509
575 2061190
576 2076147
577 1998249
578 2017219
579 1948301
580 1969383
581 1898431
582 1917060
583 1848896
584 1859673
585 1805221
586 1810392
587 1751037
588 1765743
589 1703248
590 1714609
591 1650749
592 1657959
593 1609055
594 1616184
595 1566021
596 1563219
597 1511668
598 1520409
599 1471813
600 1483616
601 1425681
602 1423798
603 1382144
604 1382903
605 1344658
606 1345611
607 1297529
608 1297761
609 1255048
610 1261063
611 1218870
612 1218931
613 1178132
614 1175122
615 1141536
616 1135498
617 1102075
618 1102356
619 1065224
620 1063045
621 1025563
622 1024317
623 993741
624 994085
625 960887
626 950766
627 921288
628 920521
629 892831
630 893812
631 861279
632 851206
633 827132
634 821065
635 800838
636 796741
637 768840
638 761117
639 738721
640 735337
641 712439
642 707044
643 684746
644 676746
645 656106
646 649842
647 632577
648 629368
649 606226
650 601056
651 580968
652 575058
653 559670
654 555368
655 537519
656 527489
657 512858
658 507106
659 492996
660 489532
661 471589
662 463675
663 451122
664 445693
665 434377
666 429571
667 413304
668 405840
669 394307
670 389128
671 377832
672 373260
673 361648
674 354180
675 343844
676 336661
677 329148
678 326016
679 314041
680 307175
681 298676
682 293301
683 286468
684 281780
685 272689
686 265398
687 257496
688 253410
689 247099
690 244910
691 234650
692 228536
693 222192
694 217601
695 212944
696 209020
697 201475
698 196703
699 190044
700 187418
701 181848
702 179389
703 172861
704 167218
705 163450
706 159056
707 155463
708 153139
709 146682
710 142803
711 137830
712 135252
713 132322
714 129332
715 124991
716 120592
717 117004
718 114906
719 111326
720 109693
721 105476
722 102268
723 98857
724 97199
725 94383
726 92004
727 88352
728 85592
729 82541
730 81150
731 79148
732 77218
733 74279
734 71189
735 69079
736 67568
737 65916
738 64765
739 62103
740 59519
741 57683
742 55934
743 54791
744 53534
745 51525
746 49143
747 47376
748 46249
749 45531
750 44022
751 42512
752 40343
753 39146
754 38055
755 37391
756 36458
757 34952
758 33137
759 32049
760 31226
761 30810
762 29581
763 28860
764 27249
765 26192
766 25584
767 25105
768 23981
769 23032
770 22248
771 21033
772 20766
773 20039
774 19611
775 18889
776 17833
777 17209
778 16818
779 16516
780 15943
781 15294
782 14579
783 13887
784 13080
785 13343
786 12858
787 12170
788 11428
789 11037
790 10731
791 10414
792 10239
793 9715
794 9266
795 8573
796 8396
797 8363
798 8124
799 7678
800 7200
801 6895
802 6556
803 6523
804 6468
805 6056
806 5621
807 5413
808 5217
809 5123
810 4987
811 4794
812 4454
813 4267
814 4176
815 3977
816 3961
817 3754
818 3495
819 3223
820 3140
821 3131
822 3042
823 2873
824 2684
825 2595
826 2422
827 2349
828 2383
829 2223
830 1996
831 1955
832 1869
833 1773
834 1878
835 1661
836 1650
837 1467
838 1423
839 1418
840 1296
841 1289
842 1190
843 1077
844 1113
845 1035
846 1037
847 958
848 926
849 840
850 792
851 817
852 801
853 686
854 733
855 605
856 581
857 562
858 595
859 566
860 461
861 479
862 431
863 466
864 427
865 403
866 389
867 330
868 301
869 297
870 308
871 301
872 285
873 249
874 252
875 234
876 243
877 224
878 166
879 176
880 179
881 165
882 159
883 146
884 127
885 140
886 114
887 129
888 125
889 109
890 95
891 76
892 91
893 79
894 72
895 80
896 70
897 72
898 50
899 55
900 61
901 67
902 50
903 43
904 37
905 41
906 45
907 40
908 27
909 26
910 29
911 30
912 29
913 38
914 22
915 15
916 22
917 20
918 24
919 19
920 16
921 10
922 16
923 15
924 13
925 14
926 9
927 10
928 10
929 5
930 9
931 8
932 5
933 8
934 6
935 4
936 8
937 8
938 3
939 1
940 5
941 4
942 2
943 8
944 5
945 1
947 2
948 5
949 4
950 2
951 2
952 2
953 2
954 2
955 2
959 1
960 2
962 1
963 2
965 2
967 1
969 1
970 2
971 1
979 1
