size   prob            cum          expected  
    96       5.540e-12 0.000000000006     0.0059
   100       6.512e-11 0.000000000071       0.07
   104       3.813e-10 0.000000000452       0.41
   105       3.188e-11 0.000000000484      0.034
   108       1.498e-09 0.000000001982        1.6
   109       3.122e-10 0.000000002294       0.34
   110       6.102e-11 0.000000002355      0.066
   112       4.472e-09 0.000000006826        4.8
   113       1.522e-09 0.000000008348        1.6
   114       6.739e-10 0.000000009022       0.72
   115       5.284e-11 0.000000009075      0.057
   116       1.090e-08 0.000000019978         11
   117       4.995e-09 0.000000024972        5.4
   118       3.510e-09 0.000000028482        3.8
   119       8.093e-10 0.000000029292       0.87
   120       2.286e-08 0.000000052154         24
   121       1.253e-08 0.000000064683         13
   122       1.193e-08 0.000000076617         12
   123       4.904e-09 0.000000081520        5.3
   124       4.346e-08 0.000000124985         46
   125       2.594e-08 0.000000150928         27
   126       3.060e-08 0.000000181524         32
   127       1.773e-08 0.000000199257         19
   128       7.918e-08 0.000000278438         85
   129       4.767e-08 0.000000326111         51
   130       6.446e-08 0.000000390573         69
   131       4.608e-08 0.000000436648         49
   132       1.413e-07 0.000000577964        151
   133       8.460e-08 0.000000662561         90
   134       1.194e-07 0.000000782003        128
   135       9.573e-08 0.000000877734        102
   136       2.430e-07 0.000001120773        260
   137       1.513e-07 0.000001272036        162
   138       2.080e-07 0.000001480014        223
   139       1.720e-07 0.000001652041        184
   140       3.956e-07 0.000002047666        424
   141       2.639e-07 0.000002311522        283
   142       3.546e-07 0.000002666142        380
   143       2.882e-07 0.000002954324        309
   144       6.099e-07 0.000003564222        654
   145       4.331e-07 0.000003997368        465
   146       5.855e-07 0.000004582868        628
   147       4.747e-07 0.000005057586        509
   148       9.083e-07 0.000005965907        975
   149       6.680e-07 0.000006633892        717
   150       9.155e-07 0.000007549378        982
   151       7.639e-07 0.000008313273        820
   152       1.339e-06 0.000009652128       1437
   153       9.911e-07 0.000010643263       1064
   154       1.358e-06 0.000012001383       1458
   155       1.167e-06 0.000013168233       1252
   156       1.952e-06 0.000015120714       2096
   157       1.458e-06 0.000016579208       1566
   158       1.947e-06 0.000018525873       2090
   159       1.694e-06 0.000020220064       1819
   160       2.765e-06 0.000022985471       2969
   161       2.129e-06 0.000025114088       2285
   162       2.758e-06 0.000027872163       2961
   163       2.385e-06 0.000030256846       2560
   164       3.794e-06 0.000034050527       4073
   165       3.006e-06 0.000037056954       3228
   166       3.876e-06 0.000040932959       4161
   167       3.327e-06 0.000044259522       3571
   168       5.096e-06 0.000049355775       5472
   169       4.097e-06 0.000053452408       4398
   170       5.308e-06 0.000058760259       5699
   171       4.618e-06 0.000063378267       4958
   172       6.787e-06 0.000070165713       7287
   173       5.468e-06 0.000075633644       5871
   174       7.059e-06 0.000082692849       7579
   175       6.251e-06 0.000088943926       6712
   176       9.000e-06 0.000097943473       9663
   177       7.247e-06 0.000105190575       7781
   178       9.228e-06 0.000114418697       9908
   179       8.210e-06 0.000122628519       8815
   180       1.173e-05 0.000134358848      12595
   181       9.583e-06 0.000143942195      10290
   182       1.197e-05 0.000155913034      12853
   183       1.061e-05 0.000166523013      11392
   184       1.496e-05 0.000181482482      16062
   185       1.246e-05 0.000193938681      13374
   186       1.548e-05 0.000209414344      16616
   187       1.362e-05 0.000223037065      14627
   188       1.885e-05 0.000241885587      20238
   189       1.581e-05 0.000257691422      16971
   190       1.972e-05 0.000277413704      21176
   191       1.747e-05 0.000294879992      18754
   192       2.361e-05 0.000318491214      25352
   193       1.981e-05 0.000338304347      21274
   194       2.463e-05 0.000362933569      26445
   195       2.210e-05 0.000385030297      23726
   196       2.952e-05 0.000414550042      31696
   197       2.471e-05 0.000439260881      26533
   198       3.044e-05 0.000469700758      32684
   199       2.737e-05 0.000497074967      29392
   200       3.652e-05 0.000533594405      39212
   201       3.080e-05 0.000564398206      33075
   202       3.744e-05 0.000601834571      40196
   203       3.359e-05 0.000635424788      36067
   204       4.442e-05 0.000679849582      47700
   205       3.800e-05 0.000717846256      40798
   206       4.599e-05 0.000763837657      49382
   207       4.104e-05 0.000804876900      44065
   208       5.362e-05 0.000858493326      57570
   209       4.602e-05 0.000904514746      49415
   210       5.599e-05 0.000960503938      60117
   211       5.013e-05 0.001010638310      53831
   212       6.444e-05 0.001075074405      69187
   213       5.534e-05 0.001130411744      59418
   214       6.708e-05 0.001197488707      72023
   215       6.071e-05 0.001258198723      65186
   216       7.737e-05 0.001335570749      83077
   217       6.630e-05 0.001401869686      71187
   218       7.984e-05 0.001481709589      85727
   219       7.229e-05 0.001553995912      77616
   220       9.224e-05 0.001646236094      99042
   221       7.943e-05 0.001725668172      85289
   222       9.466e-05 0.001820327559     101639
   223       8.557e-05 0.001905899204      91881
   224       1.084e-04 0.002014342271     116439
   225       9.450e-05 0.002108846811     101473
   226       1.121e-04 0.002220991914     120414
   227       1.009e-04 0.002321939279     108391
   228       1.268e-04 0.002448762419     136175
   229       1.107e-04 0.002559500108     118903
   230       1.321e-04 0.002691559546     141797
   231       1.191e-04 0.002810661441     127884
   232       1.478e-04 0.002958460092     158697
   233       1.291e-04 0.003087563338     138623
   234       1.534e-04 0.003240970482     164719
   235       1.397e-04 0.003380701549     150035
   236       1.722e-04 0.003552878960     184874
   237       1.501e-04 0.003702944752     161131
   238       1.774e-04 0.003880324924     190460
   239       1.615e-04 0.004041870223     173457
   240       1.996e-04 0.004241422922     214268
   241       1.745e-04 0.004415947266     187394
   242       2.045e-04 0.004620447271     219580
   243       1.860e-04 0.004806453257     199722
   244       2.284e-04 0.005034839083     245227
   245       2.019e-04 0.005236770617     216822
   246       2.357e-04 0.005472480191     253091
   247       2.136e-04 0.005686105917     229378
   248       2.605e-04 0.005946594951     279697
   249       2.305e-04 0.006177069001     247469
   250       2.704e-04 0.006447471376     290342
   251       2.454e-04 0.006692841744     263464
   252       2.963e-04 0.006989126295     318133
   253       2.623e-04 0.007251428135     281644
   254       3.065e-04 0.007557890988     329061
   255       2.806e-04 0.007838532961     301337
   256       3.368e-04 0.008175377827     361684
   257       2.977e-04 0.008473064785     319638
   258       3.464e-04 0.008819415998     371891
   259       3.169e-04 0.009136318656     340271
   260       3.816e-04 0.009517922702     409744
   261       3.379e-04 0.009855820348     362814
   262       3.903e-04 0.010246123756     419085
   263       3.569e-04 0.010603021614     383216
   264       4.274e-04 0.011030424143     458919
   265       3.824e-04 0.011412781464     410553
   266       4.398e-04 0.011852598470     472249
   267       4.009e-04 0.012253536588     430504
   268       4.775e-04 0.012730987681     512659
   269       4.272e-04 0.013158160952     458673
   270       4.941e-04 0.013652271003     530546
   271       4.506e-04 0.014102916174     483876
   272       5.322e-04 0.014635092108     571419
   273       4.763e-04 0.015111378569     511408
   274       5.486e-04 0.015660028547     589108
   275       5.049e-04 0.016164962918     542169
   276       5.931e-04 0.016758066367     636839
   277       5.301e-04 0.017288145220     569167
   278       6.082e-04 0.017896339772     653043
   279       5.589e-04 0.018455203276     600075
   280       6.591e-04 0.019114256890     707653
   281       5.899e-04 0.019704143713     633386
   282       6.727e-04 0.020376892225     722358
   283       6.179e-04 0.020994808216     663482
   284       7.246e-04 0.021719415814     778041
   285       6.548e-04 0.022374211126     703081
   286       7.437e-04 0.023117948693     798582
   287       6.816e-04 0.023799529961     731842
   288       7.957e-04 0.024595222085     854367
   289       7.186e-04 0.025313820058     771588
   290       8.206e-04 0.026134371858     881060
   291       7.518e-04 0.026886170559     807237
   292       8.715e-04 0.027757698060     935795
   293       7.877e-04 0.028545360710     845746
   294       8.957e-04 0.029441077964     961769
   295       8.280e-04 0.030269063880     889043
   296       9.545e-04 0.031223610720    1024936
   297       8.615e-04 0.032085105183     925022
   298       9.764e-04 0.033061531050    1048429
   299       9.011e-04 0.033962671877     967592
   300       1.044e-03 0.035006470694    1120770
   301       9.427e-04 0.035949153395    1012197
   302       1.062e-03 0.037011594064    1140786
   303       9.800e-04 0.037991614077    1052288
   304       1.129e-03 0.039120669506    1212314
   305       1.030e-03 0.040150361756    1105623
   306       1.156e-03 0.041306310596    1241190
   307       1.064e-03 0.042370561813    1142731
   308       1.221e-03 0.043591308739    1310767
   309       1.112e-03 0.044703168542    1193850
   310       1.255e-03 0.045958394544    1347788
   311       1.155e-03 0.047113723747    1240525
   312       1.318e-03 0.048431414714    1414859
   313       1.201e-03 0.049632242848    1289379
   314       1.349e-03 0.050981459897    1448710
   315       1.252e-03 0.052233917676    1344816
   316       1.421e-03 0.053655064979    1525945
   317       1.294e-03 0.054949214552    1389582
   318       1.450e-03 0.056399353938    1557075
   319       1.343e-03 0.057742777358    1442489
   320       1.531e-03 0.059274085334    1644229
   321       1.394e-03 0.060668383260    1497115
   322       1.555e-03 0.062223195832    1669467
   323       1.441e-03 0.063663802470    1546839
   324       1.634e-03 0.065297638776    1754318
   325       1.502e-03 0.066799262901    1612356
   326       1.667e-03 0.068466228401    1789890
   327       1.542e-03 0.070007928799    1655388
   328       1.742e-03 0.071750037233    1870574
   329       1.599e-03 0.073349104709    1716985
   330       1.786e-03 0.075135277958    1917888
   331       1.651e-03 0.076785791234    1772225
   332       1.855e-03 0.078640485487    1991462
   333       1.703e-03 0.080343565386    1828668
   334       1.893e-03 0.082236878669    2032929
   335       1.765e-03 0.084002236942    1895539
   336       1.974e-03 0.085976718252    2120083
   337       1.812e-03 0.087788397856    1945276
   338       2.008e-03 0.089796305461    2155974
   339       1.867e-03 0.091663663969    2005060
   340       2.099e-03 0.093763055345    2254204
   341       1.926e-03 0.095689141817    2068119
   342       2.126e-03 0.097815595117    2283261
   343       1.978e-03 0.099793138297    2123370
   344       2.211e-03 0.102003822829    2373704
   345       2.047e-03 0.104050361571    2197454
   346       2.249e-03 0.106299733766    2415245
   347       2.090e-03 0.108389773428    2244162
   348       2.330e-03 0.110719602626    2501635
   349       2.153e-03 0.112872184011    2311316
   350       2.379e-03 0.115251443225    2554710
   351       2.208e-03 0.117459087826    2370440
   352       2.449e-03 0.119908449450    2629982
   353       2.265e-03 0.122173598022    2432184
   354       2.493e-03 0.124666398844    2676624
   355       2.333e-03 0.126999428467    2505071
   356       2.575e-03 0.129574047047    2764475
   357       2.379e-03 0.131953010153    2554392
   358       2.611e-03 0.134564317531    2803869
   359       2.439e-03 0.137002990379    2618505
   360       2.707e-03 0.139710132458    2906771
   361       2.499e-03 0.142209375110    2683541
   362       2.732e-03 0.144941099432    2933166
   363       2.551e-03 0.147491973628    2738980
   364       2.816e-03 0.150308175499    3023873
   365       2.625e-03 0.152933090616    2818481
   366       2.858e-03 0.155790804615    3068447
   367       2.666e-03 0.158456355251    2862113
   368       2.933e-03 0.161389635897    3149586
   369       2.727e-03 0.164116828045    2928300
   370       2.987e-03 0.167103665590    3207092
   371       2.783e-03 0.169886866603    2988439
   372       3.052e-03 0.172938655132    3276832
   373       2.839e-03 0.175777436857    3048118
   374       3.092e-03 0.178869772408    3320370
   375       2.906e-03 0.181775857360    3120384
   376       3.170e-03 0.184946054614    3403973
   377       2.949e-03 0.187894991884    3166397
   378       3.207e-03 0.191101748027    3443228
   379       3.005e-03 0.194106666134    3226506
   380       3.295e-03 0.197402049421    3538390
   381       3.061e-03 0.200462890917    3286553
   382       3.316e-03 0.203779379935    3561052
   383       3.110e-03 0.206889484107    3339448
   384       3.394e-03 0.210283882841    3644707
   385       3.181e-03 0.213464723062    3415401
   386       3.429e-03 0.216894037987    3682198
   387       3.213e-03 0.220106677772    3449545
   388       3.497e-03 0.223603286719    3754455
   389       3.270e-03 0.226873608785    3511481
   390       3.550e-03 0.230423419772    3811580
   391       3.319e-03 0.233742639862    3563985
   392       3.598e-03 0.237340257676    3862912
   393       3.366e-03 0.240706251338    3614208
   394       3.635e-03 0.244340930150    3902706
   395       3.430e-03 0.247771110340    3683127
   396       3.702e-03 0.251473145267    3975029
   397       3.461e-03 0.254934614143    3716723
   398       3.728e-03 0.258662745139    4003050
   399       3.507e-03 0.262169981366    3765866
   400       3.807e-03 0.265976750933    4087487
   401       3.556e-03 0.269533061124    3818558
   402       3.821e-03 0.273353726561    4102408
   403       3.595e-03 0.276948506564    3859865
   404       3.879e-03 0.280827285772    4164807
   405       3.655e-03 0.284482287036    3924527
   406       3.908e-03 0.288389963484    4195835
   407       3.677e-03 0.292066851925    3948028
   408       3.961e-03 0.296028162006    4253424
   409       3.721e-03 0.299749549229    3995809
   410       4.002e-03 0.303751148329    4296684
   411       3.757e-03 0.307508122555    4034020
   412       4.033e-03 0.311541173749    4330455
   413       3.794e-03 0.315335164563    4073766
   414       4.062e-03 0.319397218794    4361597
   415       3.846e-03 0.323242953838    4129326
   416       4.106e-03 0.327348534829    4408334
   417       3.860e-03 0.331208401976    4144500
   418       4.124e-03 0.335331984111    4427662
   419       3.895e-03 0.339227138161    4182389
   420       4.187e-03 0.343414068798    4495682
   421       3.928e-03 0.347341931532    4217510
   422       4.182e-03 0.351523472999    4489895
   423       3.951e-03 0.355473993270    4241838
   424       4.223e-03 0.359696543323    4533928
   425       3.999e-03 0.363696003791    4294387
   426       4.242e-03 0.367937576836    4554354
   427       4.004e-03 0.371941209777    4298868
   428       4.268e-03 0.376209308517    4582836
   429       4.030e-03 0.380239048227    4326900
   430       4.299e-03 0.384538160016    4616136
   431       4.053e-03 0.388591259435    4351982
   432       4.312e-03 0.392902838935    4629523
   433       4.072e-03 0.396974567368    4371985
   434       4.319e-03 0.401293476535    4637393
   435       4.106e-03 0.405399088492    4408367
   436       4.345e-03 0.409743730132    4665023
   437       4.105e-03 0.413848986707    4407985
   438       4.352e-03 0.418200508909    4672411
   439       4.122e-03 0.422322146103    4425574
   440       4.385e-03 0.426707490227    4708727
   441       4.134e-03 0.430841534372    4438896
   442       4.368e-03 0.435209794256    4690383
   443       4.144e-03 0.439353951031    4449754
   444       4.390e-03 0.443744249165    4714046
   445       4.172e-03 0.447916690834    4480125
   446       4.385e-03 0.452301784591    4708458
   447       4.157e-03 0.456458611642    4463359
   448       4.394e-03 0.460852870595    4718299
   449       4.168e-03 0.465020746229    4475222
   450       4.413e-03 0.469433675625    4738346
   451       4.171e-03 0.473604896264    4478814
   452       4.394e-03 0.477998737639    4717851
   453       4.169e-03 0.482167913207    4476618
   454       4.390e-03 0.486557501177    4713284
   455       4.189e-03 0.490746681043    4498097
   456       4.397e-03 0.495143256280    4720786
   457       4.168e-03 0.499310938951    4475015
   458       4.378e-03 0.503689006803    4700914
   459       4.164e-03 0.507852553245    4470573
   460       4.394e-03 0.512246940759    4718437
   461       4.161e-03 0.516408201225    4468119
   462       4.365e-03 0.520773539710    4687246
   463       4.151e-03 0.524924934824    4457526
   464       4.355e-03 0.529280198357    4676428
   465       4.158e-03 0.533437833453    4464226
   466       4.339e-03 0.537776735018    4658860
   467       4.130e-03 0.541906338877    4434128
   468       4.332e-03 0.546237924013    4651004
   469       4.119e-03 0.550356873974    4422688
   470       4.322e-03 0.554678765754    4640595
   471       4.102e-03 0.558781152806    4404904
   472       4.289e-03 0.563069976167    4605089
   473       4.087e-03 0.567157173660    4388594
   474       4.273e-03 0.571429799714    4587697
   475       4.086e-03 0.575515719557    4387223
   476       4.248e-03 0.579763453574    4560969
   477       4.045e-03 0.583808247120    4343064
   478       4.221e-03 0.588028795611    4531779
   479       4.029e-03 0.592057538458    4325829
   480       4.220e-03 0.596277745415    4531412
   481       4.006e-03 0.600283282478    4300912
   482       4.165e-03 0.604448324429    4472179
   483       3.978e-03 0.608425935781    4270927
   484       4.142e-03 0.612568334889    4447867
   485       3.970e-03 0.616538754920    4263206
   486       4.116e-03 0.620654469189    4419214
   487       3.925e-03 0.624579070296    4214008
   488       4.078e-03 0.628657477777    4379156
   489       3.895e-03 0.632552433447    4182176
   490       4.060e-03 0.636612111829    4359046
   491       3.868e-03 0.640480107089    4153228
   492       4.016e-03 0.644495997626    4312029
   493       3.835e-03 0.648330540998    4117309
   494       3.973e-03 0.652303120509    4265524
   495       3.814e-03 0.656117380760    4095530
   496       3.939e-03 0.660055992308    4229051
   497       3.765e-03 0.663821332786    4043003
   498       3.904e-03 0.667725120848    4191660
   499       3.732e-03 0.671456975364    4007048
   500       3.873e-03 0.675329678634    4158283
   501       3.692e-03 0.679021393747    3963948
   502       3.815e-03 0.682836126286    4096037
   503       3.657e-03 0.686492958336    3926493
   504       3.783e-03 0.690275757088    4061749
   505       3.630e-03 0.693906193358    3898151
   506       3.730e-03 0.697636617141    4005512
   507       3.572e-03 0.701208645208    3835435
   508       3.688e-03 0.704897092696    3960440
   509       3.535e-03 0.708432513058    3796128
   510       3.662e-03 0.712094410725    3931932
   511       3.493e-03 0.715587533861    3750712
   512       3.594e-03 0.719181059882    3858519
   513       3.447e-03 0.722627627703    3700724
   514       3.549e-03 0.726176387471    3810451
   515       3.419e-03 0.729595269997    3670997
   516       3.509e-03 0.733103927690    3767392
   517       3.358e-03 0.736461855674    3605547
   518       3.451e-03 0.739912708583    3705325
   519       3.312e-03 0.743224874968    3556411
   520       3.416e-03 0.746640953460    3667986
   521       3.268e-03 0.749909220594    3509275
   522       3.358e-03 0.753266765149    3605136
   523       3.221e-03 0.756487990114    3458763
   524       3.302e-03 0.759789608103    3545085
   525       3.182e-03 0.762971349851    3416369
   526       3.251e-03 0.766222112185    3490479
   527       3.124e-03 0.769345830225    3354066
   528       3.207e-03 0.772552855473    3443517
   529       3.075e-03 0.775628340658    3302277
   530       3.157e-03 0.778784903580    3389333
   531       3.024e-03 0.781808811484    3246896
   532       3.093e-03 0.784901964518    3321247
   533       2.977e-03 0.787879155855    3196734
   534       3.049e-03 0.790927687696    3273336
   535       2.937e-03 0.793864872199    3153777
   536       2.987e-03 0.796851955402    3207356
   537       2.871e-03 0.799723034388    3082797
   538       2.935e-03 0.802657948655    3151340
   539       2.826e-03 0.805484138998    3034598
   540       2.898e-03 0.808382504298    3112096
   541       2.774e-03 0.811156203288    2978236
   542       2.824e-03 0.813979832751    3031849
   543       2.721e-03 0.816700644933    2921449
   544       2.774e-03 0.819474209224    2978091
   545       2.681e-03 0.822155557698    2879076
   546       2.726e-03 0.824881265473    2926706
   547       2.618e-03 0.827499742565    2811568
   548       2.664e-03 0.830163975969    2860698
   549       2.566e-03 0.832729752833    2754981
   550       2.619e-03 0.835349218071    2812629
   551       2.518e-03 0.837866955332    2703399
   552       2.562e-03 0.840429326792    2751325
   553       2.466e-03 0.842895089252    2647592
   554       2.501e-03 0.845396432712    2685797
   555       2.420e-03 0.847816516072    2598544
   556       2.449e-03 0.850265656309    2629744
   557       2.362e-03 0.852627232519    2535723
   558       2.403e-03 0.855030103842    2580063
   559       2.312e-03 0.857342046741    2482429
   560       2.349e-03 0.859690741001    2521891
   561       2.258e-03 0.861948359634    2424099
   562       2.287e-03 0.864235823065    2456145
   563       2.211e-03 0.866447193124    2374440
   564       2.243e-03 0.868690668523    2408913
   565       2.166e-03 0.870857111478    2326200
   566       2.182e-03 0.873039127763    2342922
   567       2.105e-03 0.875144498660    2260624
   568       2.133e-03 0.877277027840    2289785
   569       2.060e-03 0.879337190536    2212082
   570       2.094e-03 0.881430706845    2247896
   571       2.010e-03 0.883440397092    2157888
   572       2.026e-03 0.885466452994    2175460
   573       1.959e-03 0.887425213600    2103203
   574       1.978e-03 0.889403413624    2124076
   575       1.919e-03 0.891322607015    2060718
   576       1.934e-03 0.893257008200    2077047
   577       1.862e-03 0.895119297685    1999618
   578       1.877e-03 0.896996337548    2015456
   579       1.814e-03 0.898810315461    1947743
   580       1.835e-03 0.900645057279    1970039
   581       1.769e-03 0.902414311459    1899722
   582       1.785e-03 0.904199536936    1916871
   583       1.723e-03 0.905922473507    1849989
   584       1.731e-03 0.907653418257    1858587
   585       1.679e-03 0.909332174427    1802550
   586       1.684e-03 0.911016529102    1808562
   587       1.630e-03 0.912646477694    1750143
   588       1.645e-03 0.914291471884    1766299
   589       1.585e-03 0.915876899929    1702340
   590       1.595e-03 0.917472077144    1712808
   591       1.539e-03 0.919010601705    1651978
   592       1.545e-03 0.920555651381    1658984
   593       1.499e-03 0.922054187670    1609041
   594       1.508e-03 0.923561958568    1618956
   595       1.459e-03 0.925020698046    1566309
   596       1.456e-03 0.926476479696    1563133
   597       1.408e-03 0.927884728818    1512095
   598       1.415e-03 0.929299368766    1518958
   599       1.371e-03 0.930670210588    1471930
   600       1.382e-03 0.932051739704    1483405
   601       1.329e-03 0.933380313125    1426544
   602       1.327e-03 0.934707360701    1424906
   603       1.287e-03 0.935994341967    1381885
   604       1.289e-03 0.937283004392    1383690
   605       1.253e-03 0.938536243322    1345655
   606       1.253e-03 0.939789685344    1345873
   607       1.209e-03 0.940998617933    1298081
   608       1.208e-03 0.942206407490    1296854
   609       1.170e-03 0.943376163160    1256015
   610       1.173e-03 0.944549128536    1259461
   611       1.135e-03 0.945683914752    1218467
   612       1.136e-03 0.946820086443    1219955
   613       1.098e-03 0.947918146082    1179032
   614       1.093e-03 0.949011348637    1173817
   615       1.063e-03 0.950073999527    1141012
   616       1.058e-03 0.951131742760    1135743
   617       1.026e-03 0.952157796296    1101716
   618       1.028e-03 0.953185898003    1103915
   619       9.921e-04 0.954178031542    1065295
   620       9.889e-04 0.955166900782    1061790
   621       9.560e-04 0.956122905604    1026502
   622       9.524e-04 0.957075351568    1022681
   623       9.266e-04 0.958001909020     994883
   624       9.252e-04 0.958927122453     993440
   625       8.956e-04 0.959822737455     961659
   626       8.862e-04 0.960708902022     951511
   627       8.590e-04 0.961567862933     922302
   628       8.564e-04 0.962424303727     919596
   629       8.318e-04 0.963256098058     893132
   630       8.320e-04 0.964088099383     893354
   631       8.010e-04 0.964889086551     860053
   632       7.930e-04 0.965682076984     851466
   633       7.707e-04 0.966452761160     827515
   634       7.656e-04 0.967218373086     822069
   635       7.462e-04 0.967964578004     801231
   636       7.413e-04 0.968705903350     795992
   637       7.153e-04 0.969421191736     768035
   638       7.086e-04 0.970129763987     760823
   639       6.874e-04 0.970817190926     738119
   640       6.840e-04 0.971501141047     734385
   641       6.632e-04 0.972164307802     712069
   642       6.595e-04 0.972823796632     708120
   643       6.379e-04 0.973461715296     684959
   644       6.295e-04 0.974091177449     675879
   645       6.125e-04 0.974703700717     657691
   646       6.054e-04 0.975309115358     650059
   647       5.886e-04 0.975897677380     631963
   648       5.859e-04 0.976483562613     629089
   649       5.654e-04 0.977048992326     607125
   650       5.586e-04 0.977607586259     599785
   651       5.409e-04 0.978148527022     580830
   652       5.350e-04 0.978683496087     574418
   653       5.216e-04 0.979205090347     560057
   654       5.174e-04 0.979722523091     555589
   655       5.007e-04 0.980223181841     537578
   656       4.913e-04 0.980714474240     527521
   657       4.768e-04 0.981191265232     511950
   658       4.722e-04 0.981663458121     507013
   659       4.594e-04 0.982122846914     493264
   660       4.564e-04 0.982579265726     490075
   661       4.394e-04 0.983018708557     471848
   662       4.313e-04 0.983449963988     463056
   663       4.198e-04 0.983869739937     450730
   664       4.141e-04 0.984283851471     444648
   665       4.041e-04 0.984687994200     433944
   666       3.991e-04 0.985087115522     428553
   667       3.849e-04 0.985472052726     413323
   668       3.782e-04 0.985850246419     406082
   669       3.671e-04 0.986217354294     394179
   670       3.627e-04 0.986580102655     389498
   671       3.525e-04 0.986932561155     378449
   672       3.483e-04 0.987280892087     374017
   673       3.368e-04 0.987617677337     361620
   674       3.295e-04 0.987947131352     353748
   675       3.207e-04 0.988267879944     344401
   676       3.150e-04 0.988582852457     338199
   677       3.067e-04 0.988889553916     329318
   678       3.037e-04 0.989193221752     326060
   679       2.928e-04 0.989485972049     314338
   680       2.866e-04 0.989772573320     307735
   681       2.778e-04 0.990050332989     298242
   682       2.730e-04 0.990323321008     293118
   683       2.666e-04 0.990589895305     286231
   684       2.629e-04 0.990852835232     282329
   685       2.541e-04 0.991106915660     272816
   686       2.473e-04 0.991354172036     265489
   687       2.400e-04 0.991594173764     257699
   688       2.363e-04 0.991830450142     253699
   689       2.302e-04 0.992060621684     247144
   690       2.273e-04 0.992287936722     244077
   691       2.187e-04 0.992506617240     234806
   692       2.128e-04 0.992719396975     228470
   693       2.072e-04 0.992926554521     222433
   694       2.031e-04 0.993129661167     218084
   695       1.984e-04 0.993328049229     213017
   696       1.950e-04 0.993523021018     209349
   697       1.877e-04 0.993710715530     201535
   698       1.829e-04 0.993893632431     196405
   699       1.775e-04 0.994071178261     190638
   700       1.743e-04 0.994245496271     187172
   701       1.696e-04 0.994415088860     182098
   702       1.667e-04 0.994581836754     179044
   703       1.610e-04 0.994742858777     172896
   704       1.561e-04 0.994898938743     167589
   705       1.519e-04 0.995050810592     163071
   706       1.484e-04 0.995199210375     159343
   707       1.446e-04 0.995343820519     155273
   708       1.425e-04 0.995486299432     152985
   709       1.371e-04 0.995623362255     147170
   710       1.330e-04 0.995756376308     142822
   711       1.288e-04 0.995885223157     138348
   712       1.260e-04 0.996011175610     135240
   713       1.232e-04 0.996134345819     132253
   714       1.209e-04 0.996255212611     129779
   715       1.165e-04 0.996371697772     125074
   716       1.124e-04 0.996484087511     120677
   717       1.090e-04 0.996593119225     117071
   718       1.068e-04 0.996699902962     114658
   719       1.041e-04 0.996804013144     111787
   720       1.023e-04 0.996906342849     109875
   721       9.822e-05 0.997004560256     105460
   722       9.470e-05 0.997099258406     101681
   723       9.213e-05 0.997191384255      98919
   724       8.989e-05 0.997281270715      96514
   725       8.780e-05 0.997369071165      94275
   726       8.595e-05 0.997455021410      92288
   727       8.256e-05 0.997537576579      88642
   728       7.972e-05 0.997617296557      85598
   729       7.725e-05 0.997694545692      82945
   730       7.546e-05 0.997770002532      81021
   731       7.352e-05 0.997843521909      78940
   732       7.194e-05 0.997915464172      77247
   733       6.930e-05 0.997984767041      74413
   734       6.658e-05 0.998051345785      71488
   735       6.464e-05 0.998115984714      69405
   736       6.288e-05 0.998178864873      67517
   737       6.130e-05 0.998240162061      65817
   738       6.020e-05 0.998300358594      64635
   739       5.771e-05 0.998358064934      61961
   740       5.546e-05 0.998413528991      59554
   741       5.366e-05 0.998467193652      57621
   742       5.221e-05 0.998519407235      56063
   743       5.108e-05 0.998570491601      54851
   744       4.992e-05 0.998620411490      53601
   745       4.797e-05 0.998668378933      51504
   746       4.584e-05 0.998714222775      49224
   747       4.438e-05 0.998758598429      47647
   748       4.331e-05 0.998801912443      46508
   749       4.222e-05 0.998844130791      45331
   750       4.132e-05 0.998885453350      44369
   751       3.954e-05 0.998924988778      42450
   752       3.777e-05 0.998962763267      40560
   753       3.665e-05 0.998999409318      39348
   754       3.562e-05 0.999035027618      38244
   755       3.480e-05 0.999069832533      37371
   756       3.395e-05 0.999103781674      36452
   757       3.248e-05 0.999136262215      34875
   758       3.106e-05 0.999167319788      33347
   759       3.003e-05 0.999197346900      32241
   760       2.920e-05 0.999226551448      31358
   761       2.847e-05 0.999255020746      30568
   762       2.778e-05 0.999282801587      29829
   763       2.665e-05 0.999309452684      28616
   764       2.534e-05 0.999334789111      27204
   765       2.450e-05 0.999359290628      26308
   766       2.379e-05 0.999383080497      25544
   767       2.318e-05 0.999406260870      24889
   768       2.270e-05 0.999428957960      24370
   769       2.168e-05 0.999450641373      23282
   770       2.060e-05 0.999471244866      22122
   771       1.987e-05 0.999491110067      21330
   772       1.926e-05 0.999510373235      20683
   773       1.887e-05 0.999529244615      20262
   774       1.838e-05 0.999547620403      19730
   775       1.758e-05 0.999565198411      18874
   776       1.664e-05 0.999581837540      17866
   777       1.602e-05 0.999597861725      17205
   778       1.560e-05 0.999613460468      16749
   779       1.520e-05 0.999628658920      16319
   780       1.485e-05 0.999643505955      15941
   781       1.414e-05 0.999657650899      15188
   782       1.336e-05 0.999671012731      14347
   783       1.292e-05 0.999683928738      13868
   784       1.251e-05 0.999696438236      13431
   785       1.222e-05 0.999708655037      13117
   786       1.189e-05 0.999720543163      12764
   787       1.134e-05 0.999731882413      12175
   788       1.071e-05 0.999742597201      11504
   789       1.030e-05 0.999752898829      11061
   790       1.000e-05 0.999762903145      10742
   791       9.746e-06 0.999772649167      10464
   792       9.483e-06 0.999782132411      10182
   793       9.058e-06 0.999791190494       9726
   794       8.523e-06 0.999799713691       9151
   795       8.185e-06 0.999807898270       8788
   796       7.934e-06 0.999815832277       8519
   797       7.738e-06 0.999823570147       8308
   798       7.553e-06 0.999831123082       8109
   799       7.179e-06 0.999838302160       7708
   800       6.735e-06 0.999845037159       7231
   801       6.468e-06 0.999851504911       6944
   802       6.256e-06 0.999857760622       6717
   803       6.126e-06 0.999863886593       6577
   804       5.961e-06 0.999869847571       6400
   805       5.667e-06 0.999875514291       6084
   806       5.297e-06 0.999880811425       5687
   807       5.061e-06 0.999885872561       5434
   808       4.936e-06 0.999890808157       5299
   809       4.801e-06 0.999895609609       5155
   810       4.678e-06 0.999900287581       5022
   811       4.446e-06 0.999904733190       4773
   812       4.139e-06 0.999908871721       4443
   813       3.966e-06 0.999912838077       4258
   814       3.837e-06 0.999916674661       4119
   815       3.756e-06 0.999920430938       4033
   816       3.647e-06 0.999924077467       3915
   817       3.458e-06 0.999927535436       3712
   818       3.233e-06 0.999930767955       3470
   819       3.074e-06 0.999933841658       3300
   820       2.980e-06 0.999936821451       3199
   821       2.902e-06 0.999939723471       3116
   822       2.831e-06 0.999942554697       3040
   823       2.688e-06 0.999945243074       2886
   824       2.490e-06 0.999947733378       2673
   825       2.374e-06 0.999950107054       2548
   826       2.297e-06 0.999952403923       2466
   827       2.237e-06 0.999954640587       2401
   828       2.180e-06 0.999956820570       2340
   829       2.073e-06 0.999958893667       2225
   830       1.913e-06 0.999960806890       2054
   831       1.813e-06 0.999962620265       1947
   832       1.759e-06 0.999964379433       1888
   833       1.720e-06 0.999966099303       1846
   834       1.670e-06 0.999967768826       1792
   835       1.579e-06 0.999969347327       1694
   836       1.463e-06 0.999970810578       1571
   837       1.378e-06 0.999972188831       1479
   838       1.339e-06 0.999973528314       1438
   839       1.309e-06 0.999974836878       1405
   840       1.271e-06 0.999976108207       1365
   841       1.202e-06 0.999977309949       1290
   842       1.100e-06 0.999978409653       1180
   843       1.048e-06 0.999979458041       1125
   844       1.011e-06 0.999980469483       1086
   845       9.858e-07 0.999981455259       1058
   846       9.618e-07 0.999982417050       1032
   847       9.072e-07 0.999983324286        974
   848       8.325e-07 0.999984156814        893
   849       7.784e-07 0.999984935191        835
   850       7.615e-07 0.999985696641        817
   851       7.407e-07 0.999986437293        795
   852       7.181e-07 0.999987155364        771
   853       6.835e-07 0.999987838894        733
   854       6.223e-07 0.999988461157        668
   855       5.810e-07 0.999989042161        623
   856       5.610e-07 0.999989603168        602
   857       5.529e-07 0.999990156110        593
   858       5.378e-07 0.999990693937        577
   859       5.061e-07 0.999991200024        543
   860       4.622e-07 0.999991662264        496
   861       4.299e-07 0.999992092163        461
   862       4.151e-07 0.999992507217        445
   863       4.050e-07 0.999992912168        434
   864       3.990e-07 0.999993311124        428
   865       3.748e-07 0.999993685899        402
   866       3.388e-07 0.999994024731        363
   867       3.148e-07 0.999994339552        338
   868       3.058e-07 0.999994645308        328
   869       2.976e-07 0.999994942900        319
   870       2.880e-07 0.999995230920        309
   871       2.766e-07 0.999995507546        297
   872       2.480e-07 0.999995755590        266
   873       2.282e-07 0.999995983837        245
   874       2.221e-07 0.999996205970        238
   875       2.166e-07 0.999996422581        232
   876       2.106e-07 0.999996633155        226
   877       1.971e-07 0.999996830293        211
   878       1.821e-07 0.999997012388        195
   879       1.649e-07 0.999997177292        177
   880       1.585e-07 0.999997335822        170
   881       1.566e-07 0.999997492460        168
   882       1.518e-07 0.999997644241        162
   883       1.435e-07 0.999997787743        154
   884       1.277e-07 0.999997915438        137
   885       1.190e-07 0.999998034470        127
   886       1.137e-07 0.999998148164        122
   887       1.104e-07 0.999998258588        118
   888       1.093e-07 0.999998367867        117
   889       1.027e-07 0.999998470588        110
   890       9.143e-08 0.999998562022         98
   891       8.178e-08 0.999998643803         87
   892       8.130e-08 0.999998725100         87
   893       7.893e-08 0.999998804027         84
   894       7.605e-08 0.999998880081         81
   895       7.308e-08 0.999998953163         78
   896       6.502e-08 0.999999018179         69
   897       5.742e-08 0.999999075598         61
   898       5.501e-08 0.999999130611         59
   899       5.633e-08 0.999999186939         60
   900       5.362e-08 0.999999240558         57
   901       5.028e-08 0.999999290843         53
   902       4.577e-08 0.999999336610         49
   903       4.044e-08 0.999999377049         43
   904       3.803e-08 0.999999415077         40
   905       3.730e-08 0.999999452377         40
   906       3.830e-08 0.999999490675         41
   907       3.514e-08 0.999999525812         37
   908       3.093e-08 0.999999556740         33
   909       2.803e-08 0.999999584766         30
   910       2.642e-08 0.999999611187         28
   911       2.553e-08 0.999999636717         27
   912       2.476e-08 0.999999661475         26
   913       2.521e-08 0.999999686684         27
   914       2.148e-08 0.999999708167         23
   915       1.812e-08 0.999999726285         19
   916       1.811e-08 0.999999744396         19
   917       1.772e-08 0.999999762119         19
   918       1.675e-08 0.999999778871         17
   919       1.584e-08 0.999999794709         17
   920       1.543e-08 0.999999810135         16
   921       1.247e-08 0.999999822601         13
   922       1.124e-08 0.999999833838         12
   923       1.209e-08 0.999999845929         12
   924       1.171e-08 0.999999857643         12
   925       1.047e-08 0.999999868112         11
   926       9.334e-09 0.999999877446         10
   927       9.004e-09 0.999999886451        9.7
   928       7.684e-09 0.999999894134        8.3
   929       7.260e-09 0.999999901395        7.8
   930       7.871e-09 0.999999909266        8.5
   931       7.424e-09 0.999999916690        8.0
   932       6.063e-09 0.999999922753        6.5
   933       5.063e-09 0.999999927816        5.4
   934       5.608e-09 0.999999933424        6.0
   935       4.943e-09 0.999999938367        5.3
   936       4.551e-09 0.999999942918        4.9
   937       4.910e-09 0.999999947829        5.3
   938       4.411e-09 0.999999952240        4.7
   939       3.203e-09 0.999999955443        3.4
   940       2.830e-09 0.999999958273        3.0
   941       3.690e-09 0.999999961963        4.0
   942       3.134e-09 0.999999965097        3.4
   943       2.687e-09 0.999999967784        2.9
   944       2.872e-09 0.999999970656        3.1
   945       2.388e-09 0.999999973045        2.6
   946       1.735e-09 0.999999974780        1.9
   947       1.712e-09 0.999999976492        1.8
   948       2.403e-09 0.999999978895        2.6
   949       1.903e-09 0.999999980797        2.0
   950       1.435e-09 0.999999982232        1.5
   951       1.525e-09 0.999999983757        1.6
   952       1.336e-09 0.999999985093        1.4
   953       1.047e-09 0.999999986140        1.1
   954       1.019e-09 0.999999987159        1.1
   955       1.491e-09 0.999999988650        1.6
   956       1.069e-09 0.999999989719        1.1
   957       6.642e-10 0.999999990383       0.71
   958       8.050e-10 0.999999991188       0.86
   959       8.455e-10 0.999999992034       0.91
   960       6.203e-10 0.999999992654       0.67
   961       5.563e-10 0.999999993210        0.6
   962       8.719e-10 0.999999994082       0.94
   963       5.403e-10 0.999999994622       0.58
   964       2.831e-10 0.999999994905        0.3
   965       4.715e-10 0.999999995377       0.51
   966       5.340e-10 0.999999995911       0.57
   967       3.439e-10 0.999999996255       0.37
   968       2.643e-10 0.999999996519       0.28
   969       4.753e-10 0.999999996994       0.51
   970       2.476e-10 0.999999997242       0.27
   971       1.469e-10 0.999999997389       0.16
   972       2.774e-10 0.999999997666        0.3
   973       3.223e-10 0.999999997989       0.35
   974       1.715e-10 0.999999998160       0.18
   975       9.664e-11 0.999999998257        0.1
   976       2.450e-10 0.999999998502       0.26
   977       1.340e-10 0.999999998636       0.14
   978       8.403e-11 0.999999998720       0.09
   979       1.533e-10 0.999999998873       0.16
   980       1.810e-10 0.999999999054       0.19
   981       7.004e-11 0.999999999124      0.075
   982       1.937e-11 0.999999999144      0.021
   983       1.380e-10 0.999999999282       0.15
   984       8.005e-11 0.999999999362      0.086
   985       4.527e-11 0.999999999407      0.049
   986       7.465e-11 0.999999999482       0.08
   987       9.323e-11 0.999999999575        0.1
   988       1.930e-11 0.999999999594      0.021
   989       6.353e-13 0.999999999595    0.00068
   990       8.084e-11 0.999999999676      0.087
   991       4.447e-11 0.999999999720      0.048
   992       2.224e-11 0.999999999742      0.024
   993       2.970e-11 0.999999999772      0.032
   994       4.426e-11 0.999999999816      0.048
   995       1.431e-12 0.999999999818     0.0015
   997       4.447e-11 0.999999999862      0.048
   998       2.224e-11 0.999999999884      0.024
   999       9.529e-12 0.999999999894       0.01
  1000       8.020e-12 0.999999999902     0.0086
  1001       2.094e-11 0.999999999923      0.022
  1004       2.224e-11 0.999999999945      0.024
  1005       9.529e-12 0.999999999955       0.01
  1006       3.176e-12 0.999999999958     0.0034
  1007       6.353e-13 0.999999999959    0.00068
  1008       1.184e-11 0.999999999970      0.013
  1011       9.529e-12 0.999999999980       0.01
  1012       3.176e-12 0.999999999983     0.0034
  1013       6.353e-13 0.999999999984    0.00068
  1015       6.460e-12 0.999999999990     0.0069
  1018       3.176e-12 0.999999999993     0.0034
  1019       6.353e-13 0.999999999994    0.00068
  1022       3.230e-12 0.999999999997     0.0035
  1025       6.353e-13 0.999999999998    0.00068
  1029       1.436e-12 0.999999999999     0.0015
  1036       5.383e-13 1.000000000000    0.00058
  1043       1.538e-13 1.000000000000    0.00017
  1050       2.563e-14 1.000000000000    2.8e-05
