size expected actual delta
96 0 0 0 0
100 0 0 0 0
104 0 0 0 0
105 0 0 0 0
108 2 0 -2 -2
109 2 0 -2 0
110 2 0 -2 0
112 7 2 -5 -3
113 8 6 -2 3
114 9 6 -3 -1
115 9 6 -3 0
116 21 13 -8 -5
117 26 19 -7 1
118 30 24 -6 1
119 31 24 -7 -1
120 56 42 -14 -7
121 69 58 -11 3
122 82 69 -13 -2
123 87 74 -13 0
124 134 105 -29 -16
125 162 136 -26 3
126 194 167 -27 -1
127 213 179 -34 -7
128 298 254 -44 -10
129 350 307 -43 1
130 419 373 -46 -3
131 468 420 -48 -2
132 620 582 -38 10
133 711 677 -34 4
134 839 793 -46 -12
135 942 905 -37 9
136 1203 1138 -65 -28
137 1365 1319 -46 19
138 1589 1549 -40 6
139 1773 1744 -29 11
140 2198 2147 -51 -22
141 2481 2422 -59 -8
142 2862 2794 -68 -9
143 3172 3076 -96 -28
144 3827 3748 -79 17
145 4292 4204 -88 -9
146 4920 4821 -99 -11
147 5430 5297 -133 -34
148 6405 6300 -105 28
149 7123 6997 -126 -21
150 8106 7949 -157 -31
151 8926 8760 -166 -9
152 10363 10228 -135 31
153 11428 11306 -122 13
154 12886 12711 -175 -53
155 14139 13897 -242 -67
156 16235 16001 -234 8
157 17801 17574 -227 7
158 19892 19660 -232 -5
159 21711 21439 -272 -40
160 24680 24440 -240 32
161 26966 26690 -276 -36
162 29927 29509 -418 -142
163 32487 32109 -378 40
164 36561 36159 -402 -24
165 39789 39475 -314 88
166 43951 43656 -295 19
167 47523 47214 -309 -14
168 52995 52676 -319 -10
169 57394 57129 -265 54
170 63093 62972 -121 144
171 68051 67724 -327 -206
172 75339 75079 -260 67
173 81210 80975 -235 25
174 88790 88442 -348 -113
175 95502 95139 -363 -15
176 105166 104824 -342 21
177 112947 112544 -403 -61
178 122856 122526 -330 73
179 131671 131233 -438 -108
180 144266 143913 -353 85
181 154556 154125 -431 -78
182 167410 166977 -433 -2
183 178802 178300 -502 -69
184 194865 194359 -506 -4
185 208240 207954 -286 220
186 224856 224637 -219 67
187 239484 239182 -302 -83
188 259722 259146 -576 -274
189 276694 276032 -662 -86
190 297870 297019 -851 -189
191 316624 315766 -858 -7
192 341977 341165 -812 46
193 363251 362376 -875 -63
194 389696 388976 -720 155
195 413423 412622 -801 -81
196 445119 444146 -973 -172
197 471652 470380 -1272 -299
198 504337 503055 -1282 -10
199 533730 532459 -1271 11
200 572942 571314 -1628 -357
201 606017 604567 -1450 178
202 646214 644924 -1290 160
203 682282 680825 -1457 -167
204 729982 728343 -1639 -182
205 770781 768686 -2095 -456
206 820164 818831 -1333 762
207 864229 862695 -1534 -201
208 921800 920022 -1778 -244
209 971215 969380 -1835 -57
210 1031333 1029309 -2024 -189
211 1085164 1082754 -2410 -386
212 1154352 1152078 -2274 136
213 1213770 1211059 -2711 -437
214 1285793 1283643 -2150 561
215 1350980 1348298 -2682 -532
216 1434058 1431329 -2729 -47
217 1505246 1502667 -2579 150
218 1590973 1588216 -2757 -178
219 1668590 1666186 -2404 353
220 1767632 1764720 -2912 -508
221 1852922 1849484 -3438 -526
222 1954561 1951213 -3348 90
223 2046443 2042971 -3472 -124
224 2162883 2159610 -3273 199
225 2264357 2260850 -3507 -234
226 2384771 2382040 -2731 776
227 2493163 2490098 -3065 -334
228 2629338 2625497 -3841 -776
229 2748242 2744591 -3651 190
230 2890040 2887129 -2911 740
231 3017924 3015152 -2772 139
232 3176622 3173618 -3004 -232
233 3315245 3312249 -2996 8
234 3479965 3476861 -3104 -108
235 3630000 3627451 -2549 555
236 3814874 3811917 -2957 -408
237 3976006 3973031 -2975 -18
238 4166467 4163586 -2881 94
239 4339925 4337444 -2481 400
240 4554193 4551681 -2512 -31
241 4741587 4738680 -2907 -395
242 4961167 4960020 -1147 1760
243 5160889 5158777 -2112 -965
244 5406117 5402639 -3478 -1366
245 5622939 5619398 -3541 -63
246 5876030 5872806 -3224 317
247 6105409 6102461 -2948 276
248 6385107 6382426 -2681 267
249 6632577 6629258 -3319 -638
250 6922919 6920674 -2245 1074
251 7186384 7185042 -1342 903
252 7504517 7502899 -1618 -276
253 7786161 7784706 -1455 163
254 8115223 8114264 -959 496
255 8416560 8415463 -1097 -138
256 8778245 8778023 -222 875
257 9097884 9097261 -623 -401
258 9469775 9468473 -1302 -679
259 9810047 9808936 -1111 191
260 10219791 10217309 -2482 -1371
261 10582606 10579580 -3026 -544
262 11001691 10998441 -3250 -224
263 11384907 11381137 -3770 -520
264 11843827 11840059 -3768 2
265 12254380 12251542 -2838 930
266 12726630 12723125 -3505 -667
267 13157134 13152889 -4245 -740
268 13669793 13665590 -4203 42
269 14128467 14123916 -4551 -348
270 14659014 14655763 -3251 1300
271 15142890 15138591 -4299 -1048
272 15714310 15709530 -4780 -481
273 16225719 16220720 -4999 -219
274 16814827 16812328 -2499 2500
275 17356996 17352585 -4411 -1912
276 17993836 17988991 -4845 -434
277 18563004 18558297 -4707 138
278 19216048 19214092 -1956 2751
279 19816123 19814073 -2050 -94
280 20523777 20521321 -2456 -406
281 21157163 21154189 -2974 -518
282 21879521 21876499 -3022 -48
283 22543003 22538493 -4510 -1488
284 23321045 23316026 -5019 -509
285 24024126 24017339 -6787 -1768
286 24822708 24818262 -4446 2341
287 25554550 25549044 -5506 -1060
288 26408918 26402210 -6708 -1202
289 27180507 27170986 -9521 -2813
290 28061568 28053920 -7648 1873
291 28868805 28859071 -9734 -2086
292 29804601 29796150 -8451 1283
293 30650347 30643197 -7150 1301
294 31612116 31605647 -6469 681
295 32501159 32494728 -6431 38
296 33526096 33519813 -6283 148
297 34451119 34444913 -6206 77
298 35499548 35495147 -4401 1805
299 36467141 36460022 -7119 -2718
300 37587911 37578914 -8997 -1878
301 38600109 38591654 -8455 542
302 39740896 39732601 -8295 160
303 40793185 40782650 -10535 -2240
304 42005499 41996526 -8973 1562
305 43111122 43102641 -8481 492
306 44352313 44345823 -6490 1991
307 45495044 45487099 -7945 -1455
308 46805811 46798274 -7537 408
309 47999661 47990477 -9184 -1647
310 49347450 49342024 -5426 3758
311 50587975 50578799 -9176 -3750
312 52002835 51992482 -10353 -1177
313 53292214 53280188 -12026 -1673
314 54740925 54730482 -10443 1583
315 56085742 56073010 -12732 -2289
316 57611687 57599176 -12511 221
317 59001269 58987809 -13460 -949
318 60558345 60548317 -10028 3432
319 62000835 61989742 -11093 -1065
320 63645064 63633973 -11091 2
321 65142180 65128401 -13779 -2688
322 66811647 66801404 -10243 3536
323 68358487 68344678 -13809 -3566
324 70112805 70099108 -13697 112
325 71725162 71708855 -16307 -2610
326 73515052 73501649 -13403 2904
327 75170441 75154365 -16076 -2673
328 77041015 77025547 -15468 608
329 78758001 78741192 -16809 -1341
330 80675890 80661551 -14339 2470
331 82448115 82431528 -16587 -2248
332 84439578 84425474 -14104 2483
333 86268246 86252146 -16100 -1996
334 88301176 88287639 -13537 2563
335 90196715 90180276 -16439 -2902
336 92316798 92301177 -15621 818
337 94262074 94244269 -17805 -2184
338 96418048 96405367 -12681 5124
339 98423109 98406111 -16998 -4317
340 100677314 100661839 -15475 1523
341 102745433 102726851 -18582 -3107
342 105028695 105014177 -14518 4064
343 107152066 107135047 -17019 -2501
344 109525770 109510974 -14796 2223
345 111723225 111706828 -16397 -1601
346 114138470 114128320 -10150 6247
347 116382632 116371661 -10971 -821
348 118884268 118874573 -9695 1276
349 121195584 121182990 -12594 -2899
350 123750294 123740829 -9465 3129
351 126120735 126108517 -12218 -2753
352 128750717 128739417 -11300 918
353 131182901 131172503 -10398 902
354 133859526 133856850 -2676 7722
355 136364598 136361717 -2881 -205
356 139129073 139124829 -4244 -1363
357 141683465 141676105 -7360 -3116
358 144487335 144479900 -7435 -75
359 147105840 147092937 -12903 -5468
360 150012612 149999801 -12811 92
361 152696153 152681590 -14563 -1752
362 155629320 155617502 -11818 2745
363 158368300 158354622 -13678 -1860
364 161392174 161378503 -13671 7
365 164210655 164195574 -15081 -1410
366 167279102 167269796 -9306 5775
367 170141215 170126937 -14278 -4972
368 173290802 173274462 -16340 -2062
369 176219102 176198426 -20676 -4336
370 179426194 179405205 -20989 -313
371 182414634 182390135 -24499 -3510
372 185691466 185665827 -25639 -1140
373 188739585 188711195 -28390 -2751
374 192059955 192036864 -23091 5299
375 195180340 195156057 -24283 -1192
376 198584314 198564407 -19907 4376
377 201750711 201727511 -23200 -3293
378 205193939 205173933 -20006 3194
379 208420445 208397599 -22846 -2840
380 211958836 211932942 -25894 -3048
381 215245390 215215945 -29445 -3551
382 218806443 218783895 -22548 6897
383 222145892 222120261 -25631 -3083
384 225790599 225764693 -25906 -275
385 229206001 229174549 -31452 -5546
386 232888199 232861346 -26853 4599
387 236337745 236305953 -31792 -4939
388 240092200 240060243 -31957 -165
389 243603682 243571851 -31831 126
390 247415263 247387592 -27671 4160
391 250979248 250944209 -35039 -7368
392 254842161 254808008 -34153 886
393 258456369 258418184 -38185 -4032
394 262359076 262323970 -35106 3079
395 266042203 266004933 -37270 -2164
396 270017233 269980275 -36958 312
397 273733957 273694318 -39639 -2681
398 277737007 277702206 -34801 4838
399 281502874 281460223 -42651 -7850
400 285590361 285549242 -41119 1532
401 289408920 289362381 -46539 -5420
402 293511328 293468271 -43057 3482
403 297371194 297321933 -49261 -6204
404 301536002 301489534 -46468 2793
405 305460529 305412323 -48206 -1738
406 309656365 309613751 -42614 5592
407 313604394 313557557 -46837 -4223
408 317857818 317809294 -48524 -1687
409 321853627 321803253 -50374 -1850
410 326150312 326107714 -42598 7776
411 330184332 330136233 -48099 -5501
412 334514788 334470609 -44179 3920
413 338588554 338541907 -46647 -2468
414 342950152 342910317 -39835 6812
415 347079478 347039289 -40189 -354
416 351487812 351450479 -37333 2856
417 355632313 355590077 -42236 -4903
418 360059976 360025457 -34519 7717
419 364242366 364203771 -38595 -4076
420 368738048 368701351 -36697 1898
421 372955559 372915373 -40186 -3489
422 377445455 377407501 -37954 2232
423 381687293 381648827 -38466 -512
424 386221222 386186804 -34418 4048
425 390515610 390476561 -39049 -4631
426 395069964 395037440 -32524 6525
427 399368833 399329918 -38915 -6391
428 403951669 403917370 -34299 4616
429 408278569 408240672 -37897 -3598
430 412894705 412858995 -35710 2187
431 417246687 417207714 -38973 -3263
432 421876210 421840503 -35707 3266
433 426248196 426209873 -38323 -2616
434 430885589 430849142 -36447 1876
435 435293956 435252933 -41023 -4576
436 439958980 439921173 -37807 3216
437 444366965 444328081 -38884 -1077
438 449039377 449005129 -34248 4636
439 453464951 453426147 -38804 -4556
440 458173678 458137665 -36013 2791
441 462612575 462569738 -42837 -6824
442 467302958 467259341 -43617 -780
443 471752712 471706160 -46552 -2935
444 476466759 476423404 -43355 3197
445 480946884 480899749 -47135 -3780
446 485655343 485609083 -46260 875
447 490118702 490071116 -47586 -1326
448 494837001 494796099 -40902 6684
449 499312224 499267292 -44932 -4030
450 504050571 504011459 -39112 5820
451 508529385 508489302 -40083 -971
452 513247236 513207740 -39496 587
453 517723854 517680748 -43106 -3610
454 522437138 522397624 -39514 3592
455 526935236 526891307 -43929 -4415
456 531656023 531615331 -40692 3237
457 536131038 536090046 -40992 -300
458 540831952 540797471 -34481 6511
459 545302526 545267372 -35154 -673
460 550020964 549989140 -31824 3330
461 554489083 554454946 -34137 -2313
462 559176330 559149953 -26377 7760
463 563633856 563603391 -30465 -4088
464 568310285 568284195 -26090 4375
465 572774512 572745613 -28899 -2809
466 577433372 577409392 -23980 4919
467 581867500 581841836 -25664 -1684
468 586518504 586496598 -21906 3758
469 590941193 590915996 -25197 -3291
470 595581789 595556615 -25174 23
471 599986694 599956324 -30370 -5196
472 604591783 604569116 -22667 7703
473 608980378 608952359 -28019 -5352
474 613568075 613543709 -24366 3653
475 617955298 617928525 -26773 -2407
476 622516268 622488020 -28248 -1475
477 626859332 626832247 -27085 1163
478 631391111 631366767 -24344 2741
479 635716941 635690202 -26739 -2395
480 640248353 640219232 -29121 -2382
481 644549266 644520411 -28855 266
482 649021446 648995545 -25901 2954
483 653292374 653263245 -29129 -3228
484 657740241 657712901 -27340 1789
485 662003447 661972521 -30926 -3586
486 666422661 666391206 -31455 -529
487 670636670 670603251 -33419 -1964
488 675015826 674985272 -30554 2865
489 679198003 679162684 -35319 -4765
490 683557050 683525785 -31265 4054
491 687710278 687675623 -34655 -3390
492 692022308 691990553 -31755 2900
493 696139617 696102256 -37361 -5606
494 700405142 700370494 -34648 2713
495 704500673 704462479 -38194 -3546
496 708729725 708696912 -32813 5381
497 712772728 712737239 -35489 -2676
498 716964389 716932366 -32023 3466
499 720971437 720939067 -32370 -347
500 725129720 725100402 -29318 3052
501 729093669 729062124 -31545 -2227
502 733189707 733163730 -25977 5568
503 737116201 737088654 -27547 -1570
504 741177950 741153988 -23962 3585
505 745076101 745049649 -26452 -2490
506 749081613 749058053 -23560 2892
507 752917049 752894916 -22133 1427
508 756877490 756860242 -17248 4885
509 760673618 760658448 -15170 2078
510 764605551 764587735 -17816 -2646
511 768356263 768336457 -19806 -1990
512 772214783 772197228 -17555 2251
513 775915507 775894665 -20842 -3287
514 779725958 779707227 -18731 2111
515 783396955 783376373 -20582 -1851
516 787164348 787142932 -21416 -834
517 790769896 790746397 -23499 -2083
518 794475221 794450616 -24605 -1106
519 798031632 798004421 -27211 -2606
520 801699619 801673221 -26398 813
521 805208894 805177775 -31119 -4721
522 808814030 808782615 -31415 -296
523 812272794 812241289 -31505 -90
524 815817879 815789005 -28874 2631
525 819234248 819205279 -28969 -95
526 822724728 822695263 -29465 -496
527 826078795 826045692 -33103 -3638
528 829522312 829493680 -28632 4471
529 832824589 832793769 -30820 -2188
530 836213922 836179970 -33952 -3132
531 839460819 839427998 -32821 1131
532 842782067 842748801 -33266 -445
533 845978801 845945780 -33021 245
534 849252138 849221707 -30431 2590
535 852405915 852374280 -31635 -1204
536 855613272 855583198 -30074 1561
537 858696069 858666166 -29903 171
538 861847409 861818595 -28814 1089
539 864882008 864851050 -30958 -2144
540 867994104 867967935 -26169 4789
541 870972341 870945180 -27161 -992
542 874004190 873975355 -28835 -1674
543 876925640 876892564 -33076 -4241
544 879903732 879872744 -30988 2088
545 882782808 882750313 -32495 -1507
546 885709514 885678539 -30975 1520
547 888521082 888487583 -33499 -2524
548 891381781 891350405 -31376 2123
549 894136763 894106611 -30152 1224
550 896949393 896919338 -30055 97
551 899652792 899620664 -32128 -2073
552 902404118 902374771 -29347 2781
553 905051710 905022539 -29171 176
554 907737507 907706995 -30512 -1341
555 910336052 910304915 -31137 -625
556 912965796 912938248 -27548 3589
557 915501519 915473815 -27704 -156
558 918081583 918057896 -23687 4017
559 920564013 920536205 -27808 -4121
560 923085904 923058306 -27598 210
561 925510003 925482146 -27857 -259
562 927966149 927937004 -29145 -1288
563 930340589 930311362 -29227 -82
564 932749502 932724531 -24971 4256
565 935075703 935050390 -25313 -342
566 937418625 937392311 -26314 -1001
567 939679250 939649754 -29496 -3182
568 941969035 941941112 -27923 1573
569 944181118 944153620 -27498 425
570 946429014 946400620 -28394 -896
571 948586903 948558290 -28613 -219
572 950762364 950733433 -28931 -318
573 952865567 952836708 -28859 72
574 954989643 954961292 -28351 508
575 957050361 957018727 -31634 -3283
576 959127409 959099399 -28010 3624
577 961127027 961097855 -29172 -1162
578 963142483 963113747 -28736 436
579 965090227 965061105 -29122 -386
580 967060266 967030834 -29432 -310
581 968959988 968931556 -28432 1000
582 970876860 970848272 -28588 -156
583 972726849 972696678 -30171 -1583
584 974585436 974558791 -26645 3526
585 976387987 976360852 -27135 -490
586 978196549 978169833 -26716 419
587 979946693 979918726 -27967 -1251
588 981712992 981686438 -26554 1413
589 983415333 983388407 -26926 -372
590 985128141 985101923 -26218 708
591 986780119 986755602 -24517 1701
592 988439104 988414211 -24893 -376
593 990048145 990023492 -24653 240
594 991667102 991643803 -23299 1354
595 993233411 993211397 -22014 1285
596 994796545 994773772 -22773 -759
597 996308641 996286228 -22413 360
598 997827599 997805086 -22513 -100
599 999299529 999277525 -22004 509
600 1000782935 1000761271 -21664 340
601 1002209479 1002187434 -22045 -381
602 1003634386 1003613888 -20498 1547
603 1005016272 1004996091 -20181 317
604 1006399962 1006381003 -18959 1222
605 1007745617 1007727094 -18523 436
606 1009091490 1009071616 -19874 -1351
607 1010389572 1010368420 -21152 -1278
608 1011686426 1011668375 -18051 3101
609 1012942442 1012923726 -18716 -665
610 1014201904 1014183169 -18735 -19
611 1015420371 1015402332 -18039 696
612 1016640326 1016623512 -16814 1225
613 1017819359 1017802150 -17209 -395
614 1018993176 1018975537 -17639 -430
615 1020134189 1020116209 -17980 -341
616 1021269932 1021253489 -16443 1537
617 1022371648 1022356168 -15480 963
618 1023475564 1023458955 -16609 -1129
619 1024540859 1024523966 -16893 -284
620 1025602650 1025585960 -16690 203
621 1026629152 1026612390 -16762 -72
622 1027651833 1027635253 -16580 182
623 1028646717 1028628671 -18046 -1466
624 1029640157 1029623530 -16627 1419
625 1030601816 1030584360 -17456 -829
626 1031553328 1031533950 -19378 -1922
627 1032475631 1032455629 -20002 -624
628 1033395227 1033376966 -18261 1741
629 1034288359 1034270325 -18034 227
630 1035181714 1035164125 -17589 445
631 1036041767 1036024324 -17443 146
632 1036893234 1036877434 -15800 1643
633 1037720750 1037704695 -16055 -255
634 1038542820 1038527203 -15617 438
635 1039344051 1039329096 -14955 662
636 1040140043 1040126594 -13449 1506
637 1040908078 1040894096 -13982 -533
638 1041668902 1041654109 -14793 -811
639 1042407021 1042391376 -15645 -852
640 1043141407 1043127004 -14403 1242
641 1043853477 1043839765 -13712 691
642 1044561597 1044546546 -15051 -1339
643 1045246557 1045231984 -14573 478
644 1045922437 1045907731 -14706 -133
645 1046580129 1046564407 -15722 -1016
646 1047230188 1047214513 -15675 47
647 1047862152 1047846759 -15393 282
648 1048491241 1048476109 -15132 261
649 1049098367 1049084277 -14090 1042
650 1049698152 1049684866 -13286 804
651 1050278983 1050265429 -13554 -268
652 1050853402 1050837888 -15514 -1960
653 1051413459 1051398663 -14796 718
654 1051969048 1051954381 -14667 129
655 1052506627 1052490500 -16127 -1460
656 1053034148 1053018750 -15398 729
657 1053546098 1053531509 -14589 809
658 1054053112 1054038523 -14589 0
659 1054546377 1054532505 -13872 717
660 1055036452 1055024349 -12103 1769
661 1055508301 1055496544 -11757 346
662 1055971358 1055959248 -12110 -353
663 1056422089 1056411008 -11081 1029
664 1056866738 1056855106 -11632 -551
665 1057300682 1057290610 -10072 1560
666 1057729236 1057719156 -10080 -8
667 1058142559 1058132350 -10209 -129
668 1058548641 1058539492 -9149 1060
669 1058942820 1058932691 -10129 -980
670 1059332318 1059322027 -10291 -162
671 1059710768 1059701582 -9186 1105
672 1060084785 1060076124 -8661 525
673 1060446406 1060438700 -7706 955
674 1060800154 1060792976 -7178 528
675 1061144555 1061137180 -7375 -197
676 1061482755 1061475407 -7348 27
677 1061812073 1061804536 -7537 -189
678 1062138134 1062129698 -8436 -899
679 1062452472 1062444302 -8170 266
680 1062760208 1062751640 -8568 -398
681 1063058450 1063050131 -8319 249
682 1063351569 1063342711 -8858 -539
683 1063637801 1063629956 -7845 1013
684 1063920130 1063913368 -6762 1083
685 1064192947 1064186722 -6225 537
686 1064458436 1064452221 -6215 10
687 1064716136 1064710381 -5755 460
688 1064969836 1064962904 -6932 -1177
689 1065216981 1065210146 -6835 97
690 1065461059 1065454243 -6816 19
691 1065695865 1065689813 -6052 764
692 1065924336 1065918207 -6129 -77
693 1066146769 1066141830 -4939 1190
694 1066364853 1066360635 -4218 721
695 1066577871 1066574727 -3144 1074
696 1066787220 1066783554 -3666 -522
697 1066988756 1066986035 -2721 945
698 1067185161 1067181241 -3920 -1199
699 1067375800 1067372033 -3767 153
700 1067562972 1067559414 -3558 209
701 1067745071 1067742535 -2536 1022
702 1067924115 1067921487 -2628 -92
703 1068097011 1068093947 -3064 -436
704 1068264601 1068261594 -3007 57
705 1068427672 1068424794 -2878 129
706 1068587015 1068584284 -2731 147
707 1068742289 1068739463 -2826 -95
708 1068895274 1068892463 -2811 15
709 1069042445 1069039771 -2674 137
710 1069185267 1069182396 -2871 -197
711 1069323616 1069320213 -3403 -532
712 1069458856 1069455629 -3227 176
713 1069591109 1069587794 -3315 -88
714 1069720889 1069717341 -3548 -233
715 1069845964 1069843089 -2875 673
716 1069966641 1069963747 -2894 -19
717 1070083713 1070080739 -2974 -80
718 1070198371 1070194993 -3378 -404
719 1070310159 1070306420 -3739 -361
720 1070420034 1070416411 -3623 116
721 1070525495 1070522069 -3426 197
722 1070627176 1070623840 -3336 90
723 1070726095 1070722271 -3824 -488
724 1070822610 1070819365 -3245 579
725 1070916885 1070914308 -2577 668
726 1071009174 1071006322 -2852 -275
727 1071097817 1071094841 -2976 -124
728 1071183415 1071180625 -2790 186
729 1071266361 1071264492 -1869 921
730 1071347382 1071345233 -2149 -280
731 1071426323 1071424201 -2122 27
732 1071503570 1071501632 -1938 184
733 1071577984 1071576236 -1748 190
734 1071649472 1071648071 -1401 347
735 1071718877 1071717600 -1277 124
736 1071786395 1071785218 -1177 100
737 1071852212 1071851162 -1050 127
738 1071916847 1071915777 -1070 -20
739 1071978809 1071977581 -1228 -158
740 1072038363 1072037039 -1324 -96
741 1072095985 1072094889 -1096 228
742 1072152049 1072151038 -1011 85
743 1072206901 1072206109 -792 219
744 1072260502 1072259897 -605 187
745 1072312006 1072311926 -80 525
746 1072361231 1072361226 -5 75
747 1072408879 1072408955 76 81
748 1072455387 1072455352 -35 -111
749 1072500718 1072500507 -211 -176
750 1072545088 1072544505 -583 -372
751 1072587539 1072587374 -165 418
752 1072628099 1072628231 132 297
753 1072667447 1072667783 336 204
754 1072705692 1072705650 -42 -378
755 1072743064 1072743172 108 150
756 1072779516 1072779901 385 277
757 1072814392 1072814793 401 16
758 1072847740 1072847799 59 -342
759 1072879981 1072879820 -161 -220
760 1072911339 1072910867 -472 -311
761 1072941908 1072941407 -501 -29
762 1072971738 1072971089 -649 -148
763 1073000354 1072999741 -613 36
764 1073027559 1073026828 -731 -118
765 1073053867 1073053371 -496 235
766 1073079411 1073079037 -374 122
767 1073104301 1073103661 -640 -266
768 1073128672 1073127975 -697 -57
769 1073151954 1073151401 -553 144
770 1073174077 1073173603 -474 79
771 1073195407 1073194922 -485 -11
772 1073216091 1073215523 -568 -83
773 1073236354 1073235988 -366 202
774 1073256085 1073255914 -171 195
775 1073274959 1073274874 -85 86
776 1073292825 1073292681 -144 -59
777 1073310031 1073309778 -253 -109
778 1073326780 1073326392 -388 -135
779 1073343099 1073343041 -58 330
780 1073359041 1073358871 -170 -112
781 1073374229 1073374231 2 172
782 1073388576 1073388628 52 50
783 1073402445 1073402424 -21 -73
784 1073415876 1073415829 -47 -26
785 1073428994 1073429119 125 172
786 1073441759 1073441729 -30 -155
787 1073453934 1073454165 231 261
788 1073465439 1073465605 166 -65
789 1073476501 1073476408 -93 -259
790 1073487243 1073487106 -137 -44
791 1073497707 1073497735 28 165
792 1073507890 1073507844 -46 -74
793 1073517616 1073517522 -94 -48
794 1073526768 1073526707 -61 33
795 1073535556 1073535598 42 103
796 1073544075 1073543951 -124 -166
797 1073552383 1073552289 -94 30
798 1073560493 1073560423 -70 24
799 1073568202 1073568141 -61 9
800 1073575433 1073575335 -98 -37
801 1073582378 1073582255 -123 -25
802 1073589095 1073588866 -229 -106
803 1073595673 1073595383 -290 -61
804 1073602073 1073601767 -306 -16
805 1073608158 1073607883 -275 31
806 1073613846 1073613527 -319 -44
807 1073619280 1073618930 -350 -31
808 1073624580 1073624223 -357 -7
809 1073629735 1073629455 -280 77
810 1073634758 1073634577 -181 99
811 1073639532 1073639346 -186 -5
812 1073643975 1073643816 -159 27
813 1073648234 1073647955 -279 -120
814 1073652354 1073652096 -258 21
815 1073656387 1073656215 -172 86
816 1073660302 1073660118 -184 -12
817 1073664015 1073663816 -199 -15
818 1073667486 1073667196 -290 -91
819 1073670787 1073670473 -314 -24
820 1073673986 1073673744 -242 72
821 1073677102 1073676899 -203 39
822 1073680142 1073679892 -250 -47
823 1073683029 1073682873 -156 94
824 1073685703 1073685554 -149 7
825 1073688251 1073688149 -102 47
826 1073690718 1073690624 -94 8
827 1073693119 1073693004 -115 -21
828 1073695460 1073695328 -132 -17
829 1073697686 1073697630 -56 76
830 1073699740 1073699548 -192 -136
831 1073701687 1073701488 -199 -7
832 1073703576 1073703355 -221 -22
833 1073705423 1073705136 -287 -66
834 1073707216 1073706979 -237 50
835 1073708910 1073708681 -229 8
836 1073710482 1073710296 -186 43
837 1073711961 1073711762 -199 -13
838 1073713400 1073713191 -209 -10
839 1073714805 1073714583 -222 -13
840 1073716170 1073715937 -233 -11
841 1073717460 1073717148 -312 -79
842 1073718641 1073718308 -333 -21
843 1073719767 1073719466 -301 32
844 1073720853 1073720558 -295 6
845 1073721911 1073721568 -343 -48
846 1073722944 1073722672 -272 71
847 1073723918 1073723749 -169 103
848 1073724812 1073724677 -135 34
849 1073725648 1073725518 -130 5
850 1073726465 1073726385 -80 50
851 1073727261 1073727181 -80 0
852 1073728032 1073727971 -61 19
853 1073728766 1073728664 -102 -41
854 1073729434 1073729311 -123 -21
855 1073730058 1073729958 -100 23
856 1073730660 1073730560 -100 0
857 1073731254 1073731139 -115 -15
858 1073731831 1073731744 -87 28
859 1073732375 1073732272 -103 -16
860 1073732871 1073732794 -77 26
861 1073733333 1073733276 -57 20
862 1073733778 1073733747 -31 26
863 1073734213 1073734166 -47 -16
864 1073734641 1073734560 -81 -34
865 1073735044 1073734973 -71 10
866 1073735408 1073735326 -82 -11
867 1073735746 1073735699 -47 35
868 1073736074 1073736035 -39 8
869 1073736393 1073736368 -25 14
870 1073736703 1073736697 -6 19
871 1073737000 1073736988 -12 -6
872 1073737266 1073737251 -15 -3
873 1073737511 1073737472 -39 -24
874 1073737750 1073737694 -56 -17
875 1073737982 1073737965 -17 39
876 1073738208 1073738217 9 26
877 1073738420 1073738420 0 -9
878 1073738616 1073738606 -10 -10
879 1073738793 1073738774 -19 -9
880 1073738963 1073738936 -27 -8
881 1073739131 1073739098 -33 -6
882 1073739294 1073739257 -37 -4
883 1073739448 1073739401 -47 -10
884 1073739585 1073739558 -27 20
885 1073739713 1073739672 -41 -14
886 1073739835 1073739797 -38 3
887 1073739954 1073739909 -45 -7
888 1073740071 1073740014 -57 -12
889 1073740181 1073740114 -67 -10
890 1073740279 1073740215 -64 3
891 1073740367 1073740324 -43 21
892 1073740455 1073740422 -33 10
893 1073740539 1073740516 -23 10
894 1073740621 1073740593 -28 -5
895 1073740700 1073740671 -29 -1
896 1073740769 1073740745 -24 5
897 1073740831 1073740807 -24 0
898 1073740890 1073740865 -25 -1
899 1073740950 1073740931 -19 6
900 1073741008 1073740987 -21 -2
901 1073741062 1073741039 -23 -2
902 1073741111 1073741086 -25 -2
903 1073741155 1073741124 -31 -6
904 1073741195 1073741174 -21 10
905 1073741236 1073741214 -22 -1
906 1073741277 1073741258 -19 3
907 1073741314 1073741309 -5 14
908 1073741348 1073741347 -1 4
909 1073741378 1073741376 -2 -1
910 1073741406 1073741400 -6 -4
911 1073741433 1073741432 -1 5
912 1073741460 1073741453 -7 -6
913 1073741487 1073741479 -8 -1
914 1073741510 1073741495 -15 -7
915 1073741530 1073741514 -16 -1
916 1073741549 1073741537 -12 4
917 1073741568 1073741561 -7 5
918 1073741586 1073741576 -10 -3
919 1073741603 1073741597 -6 4
920 1073741620 1073741622 2 8
921 1073741633 1073741638 5 3
922 1073741645 1073741649 4 -1
923 1073741658 1073741659 1 -3
924 1073741671 1073741676 5 4
925 1073741682 1073741680 -2 -7
926 1073741692 1073741690 -2 0
927 1073741702 1073741696 -6 -4
928 1073741710 1073741707 -3 3
929 1073741718 1073741711 -7 -4
930 1073741726 1073741719 -7 0
931 1073741734 1073741726 -8 -1
932 1073741741 1073741730 -11 -3
933 1073741746 1073741739 -7 4
934 1073741752 1073741747 -5 2
935 1073741757 1073741753 -4 1
936 1073741762 1073741763 1 5
937 1073741767 1073741766 -1 -2
938 1073741772 1073741769 -3 -2
939 1073741776 1073741772 -4 -1
940 1073741779 1073741774 -5 -1
941 1073741783 1073741779 -4 1
942 1073741786 1073741784 -2 2
943 1073741789 1073741787 -2 0
944 1073741792 1073741794 2 4
945 1073741795 1073741796 1 -1
946 1073741796 1073741797 1 0
947 1073741798 1073741798 0 -1
948 1073741801 1073741799 -2 -2
949 1073741803 1073741802 -1 1
950 1073741804 1073741802 -2 -1
951 1073741806 1073741804 -2 0
952 1073741808 1073741808 0 2
953 1073741809 1073741812 3 3
954 1073741810 1073741815 5 2
955 1073741811 1073741815 4 -1
956 1073741812 1073741815 3 -1
957 1073741813 1073741815 2 -1
958 1073741814 1073741817 3 1
959 1073741815 1073741817 2 -1
960 1073741816 1073741817 1 -1
961 1073741816 1073741817 1 0
962 1073741817 1073741819 2 1
963 1073741818 1073741819 1 -1
964 1073741818 1073741819 1 0
965 1073741819 1073741819 0 -1
966 1073741819 1073741820 1 1
967 1073741820 1073741820 0 -1
968 1073741820 1073741821 1 1
969 1073741820 1073741822 2 1
970 1073741820 1073741823 3 1
971 1073741821 1073741823 2 -1
972 1073741821 1073741823 2 0
973 1073741821 1073741823 2 0
974 1073741822 1073741823 1 -1
975 1073741822 1073741824 2 1
976 1073741822 1073741824 2 0
977 1073741822 1073741824 2 0
978 1073741822 1073741824 2 0
979 1073741822 1073741824 2 0
980 1073741823 1073741824 1 -1
981 1073741823 1073741824 1 0
982 1073741823 1073741824 1 0
983 1073741823 1073741824 1 0
984 1073741823 1073741824 1 0
985 1073741823 1073741824 1 0
986 1073741823 1073741824 1 0
987 1073741823 1073741824 1 0
988 1073741823 1073741824 1 0
989 1073741823 1073741824 1 0
990 1073741823 1073741824 1 0
991 1073741823 1073741824 1 0
992 1073741823 1073741824 1 0
993 1073741823 1073741824 1 0
994 1073741823 1073741824 1 0
995 1073741823 1073741824 1 0
997 1073741823 1073741824 1 0
998 1073741823 1073741824 1 0
999 1073741823 1073741824 1 0
1000 1073741823 1073741824 1 0
1001 1073741823 1073741824 1 0
1004 1073741823 1073741824 1 0
1005 1073741824 1073741824 0 -1
1006 1073741824 1073741824 0 0
1007 1073741824 1073741824 0 0
1008 1073741824 1073741824 0 0
1011 1073741824 1073741824 0 0
1012 1073741824 1073741824 0 0
1013 1073741824 1073741824 0 0
1015 1073741824 1073741824 0 0
1018 1073741824 1073741824 0 0
1019 1073741824 1073741824 0 0
1022 1073741824 1073741824 0 0
1025 1073741824 1073741824 0 0
1029 1073741824 1073741824 0 0
1036 1073741824 1073741824 0 0
1043 1073741824 1073741824 0 0
1050 1073741824 1073741824 0 0
