size expected actual delta
96 0 0 0 0
100 0 0 0 0
104 0 0 0 0
105 0 0 0 0
108 1 1 0 0
109 1 2 1 1
110 1 2 1 0
112 5 4 -1 -2
113 6 7 1 2
114 7 7 0 -1
115 7 7 0 0
116 16 22 6 6
117 20 27 7 1
118 23 35 12 5
119 24 36 12 0
120 44 57 13 1
121 55 69 14 1
122 65 79 14 0
123 69 84 15 1
124 107 131 24 9
125 130 156 26 2
126 157 185 28 2
127 173 205 32 4
128 242 292 50 18
129 284 352 68 18
130 343 426 83 15
131 385 477 92 9
132 509 637 128 36
133 585 723 138 10
134 695 841 146 8
135 782 942 160 14
136 999 1210 211 51
137 1135 1368 233 22
138 1328 1608 280 47
139 1487 1790 303 23
140 1844 2237 393 90
141 2084 2525 441 48
142 2415 2935 520 79
143 2682 3244 562 42
144 3238 3883 645 83
145 3637 4348 711 66
146 4186 4949 763 52
147 4627 5437 810 47
148 5461 6429 968 158
149 6081 7157 1076 108
150 6946 8169 1223 147
151 7660 8982 1322 99
152 8896 10413 1517 195
153 9821 11506 1685 168
154 11111 12994 1883 198
155 12211 14252 2041 158
156 14025 16332 2307 266
157 15392 17921 2529 222
158 17248 20055 2807 278
159 18852 21896 3044 237
160 21440 24761 3321 277
161 23446 27059 3613 292
162 26084 29959 3875 262
163 28349 32574 4225 350
164 31918 36626 4708 483
165 34768 39908 5140 432
166 38488 44005 5517 377
167 41657 47438 5781 264
168 46470 52948 6478 697
169 50371 57407 7036 558
170 55485 63021 7536 500
171 59901 68001 8100 564
172 66333 75283 8950 850
173 71555 81234 9679 729
174 78378 88953 10575 896
175 84380 95752 11372 797
176 92942 105433 12491 1119
177 99883 113234 13351 860
178 108820 123202 14382 1031
179 116727 132019 15292 910
180 127932 144577 16645 1353
181 137139 154938 17799 1154
182 148757 167775 19018 1219
183 158997 179127 20130 1112
184 173332 195214 21882 1752
185 185340 208488 23148 1266
186 200390 225195 24805 1657
187 213565 239717 26152 1347
188 231671 259866 28195 2043
189 246950 276889 29939 1744
190 266178 297895 31717 1778
191 283105 317023 33918 2201
192 305838 342461 36623 2705
193 325028 363526 38498 1875
194 349089 390152 41063 2565
195 370560 413695 43135 2072
196 399049 445248 46199 3064
197 423026 471709 48683 2484
198 452807 504477 51670 2987
199 479460 533574 54114 2444
200 514800 572737 57937 3823
201 544745 605596 60851 2914
202 581422 646138 64716 3865
203 614173 682147 67974 3258
204 657258 730070 72812 4838
205 694282 770729 76447 3635
206 739404 819888 80484 4037
207 779474 863787 84313 3829
208 831558 921569 90011 5698
209 876485 971142 94657 4646
210 931514 1031766 100252 5595
211 980538 1086063 105525 5273
212 1043243 1155018 111775 6250
213 1097332 1214602 117270 5495
214 1163355 1286466 123111 5841
215 1222827 1351240 128413 5302
216 1298253 1434603 136350 7937
217 1363154 1505841 142687 6337
218 1441827 1591668 149841 7154
219 1512744 1669156 156412 6571
220 1602835 1767653 164818 8406
221 1680698 1852961 172263 7445
222 1774088 1954757 180669 8406
223 1858139 2046958 188819 8150
224 1964244 2163667 199423 10604
225 2057031 2265581 208550 9127
226 2167785 2386055 218270 9720
227 2267056 2494425 227369 9099
228 2391324 2631001 239677 12308
229 2500227 2749538 249311 9634
230 2630834 2891093 260259 10948
231 2748082 3019024 270942 10683
232 2893103 3177595 284492 13550
233 3020203 3316417 296214 11722
234 3172135 3480998 308863 12649
235 3309913 3630765 320852 11989
236 3479097 3816320 337223 16371
237 3627001 3977537 350536 13313
238 3802832 4168641 365809 15273
239 3962333 4341674 379341 13532
240 4158760 4555681 396921 17580
241 4330993 4742588 411595 14674
242 4533934 4961785 427851 16256
243 4717750 5161364 443614 15763
244 4942886 5406545 463659 20045
245 5142450 5623216 480766 17107
246 5376623 5876144 499521 18755
247 5588009 6105901 517892 18371
248 5845116 6385493 540377 22485
249 6073177 6633482 560305 19928
250 6342127 6923964 581837 21532
251 6585175 7187141 601966 20129
252 6878054 7505278 627224 25258
253 7137917 7785910 647993 20769
254 7443126 8115179 672053 24060
255 7721447 8416206 694759 22706
256 8054815 8777676 722861 28102
257 8350083 9096907 746824 23963
258 8695400 9468860 773460 26636
259 9010150 9808362 798212 24752
260 9388386 10217215 828829 30617
261 9723862 10580817 856955 28126
262 10113389 11000575 887186 30231
263 10468213 11383142 914929 27743
264 10892543 11842634 950091 35162
265 11272722 12252788 980066 29975
266 11712113 12725208 1013095 33029
267 12111137 13155462 1044325 31230
268 12585679 13667741 1082062 37737
269 13010990 14126879 1115889 33827
270 13505296 14656999 1151703 35814
271 13954338 15139300 1184962 33259
272 14484004 15711009 1227005 42043
273 14958653 16222553 1263900 36895
274 15508155 16812141 1303986 40086
275 16011922 17354459 1342537 38551
276 16603075 17990251 1387176 44639
277 17132066 18558846 1426780 39604
278 17741842 19210970 1469128 42348
279 18300088 19810712 1510624 41496
280 18957825 20518367 1560542 49918
281 19547132 21152222 1605090 44548
282 20222544 21874020 1651476 46386
283 20840538 22537468 1696930 45454
284 21564802 23315193 1750391 53461
285 22219699 24019704 1800005 49614
286 22967045 24818367 1851322 51317
287 23649534 25551718 1902184 50862
288 24446004 26405512 1959508 57324
289 25165844 27176866 2011022 51514
290 25991375 28057734 2066359 55337
291 26744883 28865892 2121009 54650
292 27618344 29802737 2184393 63384
293 28408229 30648256 2240027 55634
294 29310799 31610658 2299859 59832
295 30141855 32500897 2359042 59183
296 31099750 33526767 2427017 67975
297 31964631 34452939 2488308 61291
298 32949441 35501430 2551989 63681
299 33855191 36468814 2613623 61634
300 34904357 37589820 2685463 71840
301 35851991 38603076 2751085 65622
302 36924879 39746778 2821899 70814
303 37910866 40797791 2886925 65026
304 39047295 42010359 2963064 76139
305 40083697 43114535 3030838 67774
306 41252588 44356260 3103672 72834
307 42324885 45498932 3174047 70375
308 43555218 46810171 3254953 80906
309 44675767 48005997 3330230 75277
310 45946351 49355149 3408798 78568
311 47111735 50593907 3482172 73374
312 48442015 52009971 3567956 85784
313 49653891 53299910 3646019 78063
314 51021581 54749851 3728270 82251
315 52286320 56093449 3807129 78859
316 53722632 57617723 3895091 87962
317 55030394 59006511 3976117 81026
318 56502523 60565700 4063177 87060
319 57861407 62007714 4146307 83130
320 59411234 63649741 4238507 92200
321 60821612 65145610 4323998 85491
322 62401717 66815227 4413510 89512
323 63860642 68362750 4502108 88598
324 65517392 70118359 4600967 98859
325 67038591 71733656 4695065 94098
326 68734658 73525742 4791084 96019
327 70297777 75180842 4883065 91981
328 72066322 77053859 4987537 104472
329 73688711 78771551 5082840 95303
330 75508884 80690241 5181357 98517
331 77184691 82463270 5278579 97222
332 79070311 84453230 5382919 104340
333 80800071 86280700 5480629 97710
334 82731919 88313154 5581235 100606
335 84526612 90206695 5680083 98848
336 86537375 92329943 5792568 112485
337 88380353 94278258 5897905 105337
338 90431696 96436821 6005125 107220
339 92332716 98442435 6109719 104594
340 94473158 100694249 6221091 111372
341 96434953 102763876 6328923 107832
342 98611113 105046632 6435519 106596
343 100627317 107170933 6543616 108097
344 102885025 109547095 6662070 118454
345 104971818 111744758 6772940 110870
346 107276022 114158022 6882000 109060
347 109409899 116400078 6990179 108179
348 111793524 118898494 7104970 114791
349 113992474 121207053 7214579 109609
350 116432833 123758855 7326022 111443
351 118689194 126127206 7438012 111990
352 121198222 128757400 7559178 121166
353 123515232 131187844 7672612 113434
354 126077162 133864308 7787146 114534
355 128465333 136368772 7903439 116293
356 131106321 139132593 8026272 122833
357 133542750 141688123 8145373 119101
358 136229259 144495094 8265835 120462
359 138729719 147115364 8385645 119810
360 141511696 150022525 8510829 125184
361 144075239 152707153 8631914 121085
362 146889633 155637673 8748040 116126
363 149508132 158379634 8871502 123462
364 152406395 161402104 8995709 124207
365 155102429 164222473 9120044 124335
366 158051731 167287755 9236024 115980
367 160792583 170153560 9360977 124953
368 163815743 173305517 9489774 128797
369 166621030 176233703 9612673 122899
370 169706626 179442671 9736045 123372
371 172572288 182430632 9858344 122299
372 175723900 185707724 9983824 125480
373 178648741 188752391 10103650 119826
374 181848752 192073579 10224827 121177
375 184844294 195194501 10350207 125380
376 188121796 198597266 10475470 125263
377 191164685 201764195 10599510 124040
378 194489328 205208581 10719253 119743
379 197592913 208434152 10841239 121986
380 201004649 211971738 10967089 125850
381 204166657 215258687 11092030 124941
382 207608948 218820726 11211778 119748
383 210825800 222161963 11336163 124385
384 214348232 225810127 11461895 125732
385 217639484 229220184 11580700 118805
386 221203720 232901247 11697527 116827
387 224530913 236353624 11822711 125184
388 228163572 240106641 11943069 120358
389 231553543 243619892 12066349 123280
390 235249920 247432767 12182847 116498
391 238693169 250998797 12305628 122781
392 242436674 254857360 12420686 115058
393 245930126 258473392 12543266 122580
394 249720173 262374961 12654788 111522
395 253283474 266060062 12776588 121800
396 257143479 270035906 12892427 115839
397 260742540 273752723 13010183 117756
398 264635664 277754300 13118636 108453
399 268284836 281523157 13238321 119685
400 272258096 285609196 13351100 112779
401 275961166 289427990 13466824 115724
402 279959436 293530695 13571259 104435
403 283706269 297391297 13685028 113769
404 287762325 301559224 13796899 111871
405 291572520 305481478 13908958 112059
406 295665917 309676035 14010118 101160
407 299504464 313625554 14121090 110972
408 303655861 317875949 14220088 98998
409 307543649 321874736 14331087 110999
410 311741095 326174091 14432996 101909
411 315668023 330203981 14535958 102962
412 319899555 334530291 14630736 94778
413 323869373 338602670 14733297 102561
414 328141019 342965666 14824647 91350
415 332167473 347094026 14926553 101906
416 336481598 351501173 15019575 93022
417 340525806 355646704 15120898 101323
418 344866689 360075285 15208596 87698
419 348952852 364255601 15302749 94153
420 353361819 368750879 15389060 86311
421 357484640 372967689 15483049 93989
422 361893464 377458363 15564899 81850
423 366043090 381698236 15655146 90247
424 370496061 386232999 15736938 81792
425 374700174 390529145 15828971 92033
426 379182187 395085336 15903149 74178
427 383395685 399384412 15988727 85578
428 387903818 403971443 16067625 78898
429 392146979 408297518 16150539 82914
430 396693736 412911045 16217309 66770
431 400965974 417257578 16291604 74295
432 405531103 421885395 16354292 62688
433 409826594 426255760 16429166 74874
434 414403106 430893297 16490191 61025
435 418735723 435301804 16566081 75890
436 423340475 439964522 16624047 57966
437 427678766 444371347 16692581 68534
438 432300804 449042212 16741408 48827
439 436660408 453467130 16806722 65314
440 441314940 458177177 16862237 55515
441 445689250 462616886 16927636 65399
442 450333974 467305660 16971686 44050
443 454724711 471754123 17029412 57726
444 459397900 476469145 17071245 41833
445 463820663 480950830 17130167 58922
446 468490369 485660951 17170582 40415
447 472900676 490124753 17224077 53495
448 477582860 494843186 17260326 36249
449 482010122 499320155 17310033 49707
450 486720308 504058830 17338522 28489
451 491154371 508539747 17385376 46854
452 495843938 513259981 17416043 30667
453 500278593 517732992 17454399 38356
454 504970326 522443779 17473453 19054
455 509430286 526943824 17513538 40085
456 514134671 531664278 17529607 16069
457 518576857 536139931 17563074 33467
458 523263766 540835066 17571300 8226
459 527704317 545303514 17599197 27897
460 532410061 550020570 17610509 11312
461 536852905 554490325 17637420 26911
462 541538665 559178307 17639642 2222
463 545975211 563634387 17659176 19534
464 550648642 568310711 17662069 2893
465 555092863 572773238 17680375 18306
466 559754307 577432973 17678666 -1709
467 564175603 581872388 17696785 18119
468 568836195 586523319 17687124 -9661
469 573249998 590945994 17695996 8872
470 577899748 595585252 17685504 -10492
471 582297705 599989760 17692055 6551
472 586916856 604592819 17675963 -16092
473 591304459 608982216 17677757 1794
474 595915807 613569789 17653982 -23775
475 600304300 617956189 17651889 -2093
476 604886507 622515086 17628579 -23310
477 609234889 626858138 17623249 -5330
478 613794025 631388132 17594107 -29142
479 618130856 635714241 17583385 -10722
480 622695261 640246703 17551442 -31943
481 627010305 644549940 17539635 -11807
482 631517136 649021773 17504637 -34998
483 635804841 653289466 17484625 -20012
484 640290989 657740994 17450005 -34620
485 644575135 662004656 17429521 -20484
486 649041203 666426053 17384850 -44671
487 653281044 670640912 17359868 -24982
488 657705251 675019647 17314396 -45472
489 661915733 679200536 17284803 -29593
490 666323617 683560115 17236498 -48305
491 670509858 687715820 17205962 -30536
492 674879457 692030100 17150643 -55319
493 679033615 696147651 17114036 -36607
494 683356009 700415907 17059898 -54138
495 687488945 704510460 17021515 -38383
496 691777682 708738210 16960528 -60987
497 695864818 712782999 16918181 -42347
498 700125224 716971289 16846065 -72116
499 704179574 720977729 16798155 -47910
500 708402671 725138377 16735706 -62449
501 712415287 729102947 16687660 -48046
502 716581937 733200845 16618908 -68752
503 720562329 737126791 16564462 -54446
504 724702112 741186273 16484161 -80301
505 728656020 745081417 16425397 -58764
506 732737183 749084847 16347664 -77733
507 736631011 752922092 16291081 -56583
508 740670446 756885325 16214879 -76202
509 744530099 760680192 16150093 -64786
510 748548085 764613180 16065095 -84998
511 752364272 768360569 15996297 -68798
512 756306730 772218562 15911832 -84465
513 760074637 775915587 15840950 -70882
514 763972943 779726929 15753986 -86964
515 767714417 783397137 15682720 -71266
516 771576170 787162133 15585963 -96757
517 775255884 790768097 15512213 -73750
518 779053006 794472192 15419186 -93027
519 782684498 798028920 15344422 -74764
520 786445842 801698148 15252306 -92116
521 790034200 805208162 15173962 -78344
522 793741330 808812240 15070910 -103052
523 797281286 812270032 14988746 -82164
524 800924510 815814119 14889609 -99137
525 804421915 819231713 14809798 -79811
526 808013071 822719440 14706369 -103429
527 811453029 826072951 14619922 -86447
528 815004044 829515779 14511735 -108187
529 818394209 832819009 14424800 -86935
530 821886373 836208893 14322520 -102280
531 825220901 839457251 14236350 -86170
532 828648000 842777994 14129994 -106356
533 831936446 845975902 14039456 -90538
534 835322583 849247258 13924675 -114781
535 838568433 852403747 13835314 -89361
536 841883479 855611102 13727623 -107691
537 845059455 858693525 13634070 -93553
538 848320969 861843430 13522461 -111609
539 851452037 864879335 13427298 -95163
540 854679489 867992342 13312853 -114445
541 857755003 870971034 13216031 -96822
542 860898542 874004994 13106452 -109579
543 863917010 876925740 13008730 -97722
544 867008331 879902540 12894209 -114521
545 869986884 882781882 12794998 -99211
546 873032507 885709007 12676500 -118498
547 875944935 888517439 12572504 -103996
548 878919453 891375303 12455850 -116654
549 881774938 894131940 12357002 -98848
550 884702196 896944135 12241939 -115063
551 887508280 899647692 12139412 -102527
552 890380373 902399465 12019092 -120320
553 893131372 905045000 11913628 -105464
554 895932780 907730243 11797463 -116165
555 898633042 910328668 11695626 -101837
556 901378921 912957315 11578394 -117232
557 904019581 915491626 11472045 -106349
558 906721243 918072173 11350930 -121115
559 909308679 920554763 11246084 -104846
560 911945787 923078136 11132349 -113735
561 914473486 925503385 11029899 -102450
562 917046345 927960200 10913855 -116044
563 919526497 930334653 10808156 -105699
564 922056858 932743951 10687093 -121063
565 924488145 935069461 10581316 -105777
566 926946482 937413582 10467100 -114216
567 929311237 939672850 10361613 -105487
568 931716878 941962926 10246048 -115565
569 934035007 944174956 10139949 -106099
570 936402815 946420797 10017982 -121967
571 938665897 948577353 9911456 -106526
572 940955694 950751553 9795859 -115597
573 943162644 952853538 9690894 -104965
574 945401345 954979047 9577702 -113192
575 947566716 957040237 9473521 -104181
576 949762101 959116384 9354283 -119238
577 951866299 961114633 9248334 -105949
578 953994131 963131852 9137721 -110613
579 956044480 965080153 9035673 -102048
580 958126328 967049536 8923208 -112465
581 960129668 968947967 8818299 -104909
582 962162633 970865027 8702394 -115905
583 964115346 972713923 8598577 -103817
584 966083746 974573596 8489850 -108727
585 967986603 976378817 8392214 -97636
586 969904474 978189209 8284735 -107479
587 971756259 979940246 8183987 -100748
588 973635319 981705989 8070670 -113317
589 975438259 983409237 7970978 -99692
590 977257230 985123846 7866616 -104362
591 979007245 986774595 7767350 -99266
592 980772229 988432554 7660325 -107025
593 982480169 990041609 7561440 -98885
594 984208318 991657793 7449475 -111965
595 985871864 993223814 7351950 -97525
596 987537596 994787033 7249437 -102513
597 989144913 996298701 7153788 -95649
598 990765934 997819110 7053176 -100612
599 992333561 999290923 6957362 -95814
600 993921504 1000774539 6853035 -104327
601 995442175 1002200220 6758045 -94990
602 996965699 1003624018 6658319 -99726
603 998439189 1005006162 6566973 -91346
604 999920639 1006389065 6468426 -98547
605 1001358029 1007733723 6375694 -92732
606 1002804030 1009079334 6275304 -100390
607 1004192541 1010376863 6184322 -90982
608 1005583375 1011674624 6091249 -93073
609 1006927233 1012929672 6002439 -88810
610 1008279514 1014190735 5911221 -91218
611 1009585765 1015409605 5823840 -87381
612 1010901051 1016628536 5727485 -96355
613 1012166328 1017806668 5640340 -87145
614 1013429394 1018981790 5552396 -87944
615 1014653755 1020123326 5469571 -82825
616 1015877511 1021258824 5381313 -88258
617 1017062839 1022360899 5298060 -83253
618 1018256850 1023463255 5206405 -91655
619 1019404039 1024528479 5124440 -81965
620 1020549779 1025591524 5041745 -82695
621 1021655323 1026617087 4961764 -79981
622 1022761078 1027641404 4880326 -81438
623 1023834920 1028635145 4800225 -80101
624 1024913180 1029629230 4716050 -84175
625 1025951911 1030590117 4638206 -77844
626 1026982348 1031540883 4558535 -79671
627 1027979170 1032462171 4483001 -75534
628 1028976546 1033382692 4406146 -76855
629 1029944021 1034275523 4331502 -74644
630 1030916595 1035169335 4252740 -78762
631 1031849058 1036030614 4181556 -71184
632 1032774308 1036881820 4107512 -74044
633 1033671602 1037708952 4037350 -70162
634 1034566259 1038530017 3963758 -73592
635 1035436831 1039330855 3894024 -69734
636 1036306680 1040127596 3820916 -73108
637 1037142450 1040896436 3753986 -66930
638 1037971790 1041657553 3685763 -68223
639 1038774938 1042396274 3621336 -64427
640 1039576528 1043131611 3555083 -66253
641 1040353189 1043844050 3490861 -64222
642 1041129847 1044551094 3421247 -69614
643 1041877691 1045235840 3358149 -63098
644 1042616958 1045912586 3295628 -62521
645 1043334809 1046568692 3233883 -61745
646 1044046940 1047218534 3171594 -62289
647 1044738785 1047851111 3112326 -59268
648 1045431039 1048480479 3049440 -62886
649 1046096332 1049086705 2990373 -59067
650 1046754335 1049687761 2933426 -56947
651 1047390671 1050268729 2878058 -55368
652 1048022188 1050843787 2821599 -56459
653 1048637358 1051403457 2766099 -55500
654 1049250969 1051958825 2707856 -58243
655 1049841934 1052496344 2654410 -53446
656 1050422770 1053023833 2601063 -53347
657 1050985741 1053536691 2550950 -50113
658 1051544924 1054043797 2498873 -52077
659 1052088724 1054536793 2448069 -50804
660 1052631691 1055026325 2394634 -53435
661 1053152438 1055497914 2345476 -49158
662 1053664131 1055961589 2297458 -48018
663 1054161392 1056412711 2251319 -46139
664 1054653545 1056858404 2204859 -46460
665 1055133513 1057292781 2159268 -45591
666 1055610163 1057722352 2112189 -47079
667 1056068047 1058135656 2067609 -44580
668 1056518208 1058541496 2023288 -44321
669 1056954687 1058935803 1981116 -42172
670 1057387122 1059324931 1937809 -43307
671 1057807356 1059702763 1895407 -42402
672 1058224944 1060076023 1851079 -44328
673 1058626926 1060437671 1810745 -40334
674 1059020447 1060791851 1771404 -39341
675 1059403030 1061135695 1732665 -38739
676 1059779932 1061472356 1692424 -40241
677 1060147027 1061801504 1654477 -37947
678 1060512309 1062127520 1615211 -39266
679 1060863060 1062441561 1578501 -36710
680 1061206462 1062748736 1542274 -36227
681 1061539038 1063047412 1508374 -33900
682 1061866913 1063340713 1473800 -34574
683 1062187074 1063627181 1440107 -33693
684 1062504560 1063908961 1404401 -35706
685 1062810028 1064181650 1371622 -32779
686 1063107395 1064447048 1339653 -31969
687 1063395854 1064704544 1308690 -30963
688 1063680541 1064957954 1277413 -31277
689 1063958052 1065205053 1247001 -30412
690 1064233455 1065449963 1216508 -30493
691 1064497410 1065684613 1187203 -29305
692 1064754274 1065913149 1158875 -28328
693 1065004092 1066135341 1131249 -27626
694 1065249708 1066352942 1103234 -28015
695 1065489700 1066565886 1076186 -27048
696 1065726864 1066774906 1048042 -28144
697 1065954341 1066976381 1022040 -26002
698 1066175857 1067173084 997227 -24813
699 1066390775 1067363128 972353 -24874
700 1066602264 1067550546 948282 -24071
701 1066808249 1067732394 924145 -24137
702 1067011876 1067911783 899907 -24238
703 1067207708 1068084644 876936 -22971
704 1067397427 1068251862 854435 -22501
705 1067581882 1068415312 833430 -21005
706 1067762619 1068574368 811749 -21681
707 1067938966 1068729831 790865 -20884
708 1068113555 1068882970 769415 -21450
709 1068280905 1069029652 748747 -20668
710 1068443112 1069172455 729343 -19404
711 1068600220 1069310285 710065 -19278
712 1068754205 1069445537 691332 -18733
713 1068904937 1069577859 672922 -18410
714 1069053626 1069707191 653565 -19357
715 1069196356 1069832182 635826 -17739
716 1069333925 1069952774 618849 -16977
717 1069467397 1070069778 602381 -16468
718 1069598382 1070184684 586302 -16079
719 1069726289 1070296010 569721 -16581
720 1069852625 1070405703 553078 -16643
721 1069973470 1070511179 537709 -15369
722 1070089827 1070613447 523620 -14089
723 1070202970 1070712304 509334 -14286
724 1070313647 1070809503 495856 -13478
725 1070421912 1070903886 481974 -13882
726 1070528453 1070995890 467437 -14537
727 1070630455 1071084242 453787 -13650
728 1070728726 1071169834 441108 -12679
729 1070823963 1071252375 428412 -12696
730 1070917180 1071333525 416345 -12067
731 1071008204 1071412673 404469 -11876
732 1071097758 1071489891 392133 -12336
733 1071183690 1071564170 380480 -11653
734 1071266075 1071635359 369284 -11196
735 1071346041 1071704438 358397 -10887
736 1071424019 1071772006 347987 -10410
737 1071500220 1071837922 337702 -10285
738 1071575415 1071902687 327272 -10430
739 1071647270 1071964790 317520 -9752
740 1071716131 1072024309 308178 -9342
741 1071782784 1072081992 299208 -8970
742 1071847791 1072137926 290135 -9073
743 1071911515 1072192717 281202 -8933
744 1071974120 1072246251 272131 -9071
745 1072034075 1072297776 263701 -8430
746 1072091217 1072346919 255702 -7999
747 1072146549 1072394295 247746 -7956
748 1072200657 1072440544 239887 -7859
749 1072253537 1072486075 232538 -7349
750 1072305548 1072530097 224549 -7989
751 1072355165 1072572609 217444 -7105
752 1072402436 1072612952 210516 -6928
753 1072448289 1072652098 203809 -6707
754 1072492952 1072690153 197201 -6608
755 1072536710 1072727544 190834 -6367
756 1072579617 1072764002 184385 -6449
757 1072620553 1072798954 178401 -5984
758 1072659541 1072832091 172550 -5851
759 1072697258 1072864140 166882 -5668
760 1072734015 1072895366 161351 -5531
761 1072769950 1072926176 156226 -5125
762 1072805211 1072955757 150546 -5680
763 1072838924 1072984617 145693 -4853
764 1072870849 1073011866 141017 -4676
765 1072901730 1073038058 136328 -4689
766 1072931788 1073063642 131854 -4474
767 1072961177 1073088747 127570 -4284
768 1072990083 1073112728 122645 -4925
769 1073017630 1073135760 118130 -4515
770 1073043684 1073158008 114324 -3806
771 1073068814 1073179041 110227 -4097
772 1073093247 1073199807 106560 -3667
773 1073117258 1073219846 102588 -3972
774 1073140763 1073239457 98694 -3894
775 1073163179 1073258346 95167 -3527
776 1073184301 1073276179 91878 -3289
777 1073204655 1073293388 88733 -3145
778 1073224503 1073310206 85703 -3030
779 1073243915 1073326722 82807 -2896
780 1073262980 1073342665 79685 -3122
781 1073281099 1073357959 76860 -2825
782 1073298127 1073372538 74411 -2449
783 1073314586 1073386425 71839 -2572
784 1073330566 1073399505 68939 -2900
785 1073346227 1073412848 66621 -2318
786 1073361551 1073425706 64155 -2466
787 1073376141 1073437876 61735 -2420
788 1073389845 1073449304 59459 -2276
789 1073403021 1073460341 57320 -2139
790 1073415847 1073471072 55225 -2095
791 1073428391 1073481486 53095 -2130
792 1073440666 1073491725 51059 -2036
793 1073452360 1073501440 49080 -1979
794 1073463305 1073510706 47401 -1679
795 1073473814 1073519279 45465 -1936
796 1073484022 1073527675 43653 -1812
797 1073494024 1073536038 42014 -1639
798 1073503834 1073544162 40328 -1686
799 1073513141 1073551840 38699 -1629
800 1073521818 1073559040 37222 -1477
801 1073530154 1073565935 35781 -1441
802 1073538239 1073572491 34252 -1529
803 1073546182 1073579014 32832 -1420
804 1073553956 1073585482 31526 -1306
805 1073561333 1073591538 30205 -1321
806 1073568181 1073597159 28978 -1227
807 1073574728 1073602572 27844 -1134
808 1073581128 1073607789 26661 -1183
809 1073587383 1073612912 25529 -1132
810 1073593505 1073617899 24394 -1135
811 1073599315 1073622693 23378 -1016
812 1073604688 1073627147 22459 -919
813 1073609833 1073631414 21581 -878
814 1073614825 1073635590 20765 -816
815 1073619737 1073639567 19830 -935
816 1073624531 1073643528 18997 -833
817 1073629069 1073647282 18213 -784
818 1073633279 1073650777 17498 -715
819 1073637281 1073654000 16719 -779
820 1073641171 1073657140 15969 -750
821 1073644979 1073660271 15292 -677
822 1073648717 1073663313 14596 -696
823 1073652261 1073666186 13925 -671
824 1073655515 1073668870 13355 -570
825 1073658616 1073671465 12849 -506
826 1073661625 1073673887 12262 -587
827 1073664571 1073676236 11665 -597
828 1073667458 1073678619 11161 -504
829 1073670202 1073680842 10640 -521
830 1073672714 1073682838 10124 -516
831 1073675089 1073684793 9704 -420
832 1073677403 1073686662 9259 -445
833 1073679675 1073688435 8760 -499
834 1073681893 1073690313 8420 -340
835 1073683991 1073691974 7983 -437
836 1073685919 1073693624 7705 -278
837 1073687733 1073695091 7358 -347
838 1073689499 1073696514 7015 -343
839 1073691234 1073697932 6698 -317
840 1073692930 1073699228 6298 -400
841 1073694532 1073700517 5985 -313
842 1073695986 1073701707 5721 -264
843 1073697370 1073702784 5414 -307
844 1073698710 1073703897 5187 -227
845 1073700021 1073704932 4911 -276
846 1073701308 1073705969 4661 -250
847 1073702523 1073706927 4404 -257
848 1073703626 1073707853 4227 -177
849 1073704657 1073708693 4036 -191
850 1073705669 1073709485 3816 -220
851 1073706658 1073710302 3644 -172
852 1073707622 1073711103 3481 -163
853 1073708540 1073711789 3249 -232
854 1073709368 1073712522 3154 -95
855 1073710139 1073713127 2988 -166
856 1073710887 1073713708 2821 -167
857 1073711629 1073714270 2641 -180
858 1073712354 1073714865 2511 -130
859 1073713035 1073715431 2396 -115
860 1073713652 1073715892 2240 -156
861 1073714224 1073716371 2147 -93
862 1073714779 1073716802 2023 -124
863 1073715323 1073717268 1945 -78
864 1073715863 1073717695 1832 -113
865 1073716371 1073718098 1727 -105
866 1073716824 1073718487 1663 -64
867 1073717244 1073718817 1573 -90
868 1073717654 1073719118 1464 -109
869 1073718055 1073719415 1360 -104
870 1073718445 1073719723 1278 -82
871 1073718821 1073720024 1203 -75
872 1073719155 1073720309 1154 -49
873 1073719460 1073720558 1098 -56
874 1073719758 1073720810 1052 -46
875 1073720051 1073721044 993 -59
876 1073720337 1073721287 950 -43
877 1073720606 1073721511 905 -45
878 1073720852 1073721677 825 -80
879 1073721073 1073721853 780 -45
880 1073721286 1073722032 746 -34
881 1073721498 1073722197 699 -47
882 1073721705 1073722356 651 -48
883 1073721901 1073722502 601 -50
884 1073722074 1073722629 555 -46
885 1073722234 1073722769 535 -20
886 1073722388 1073722883 495 -40
887 1073722537 1073723012 475 -20
888 1073722686 1073723137 451 -24
889 1073722827 1073723246 419 -32
890 1073722951 1073723341 390 -29
891 1073723061 1073723417 356 -34
892 1073723172 1073723508 336 -20
893 1073723279 1073723587 308 -28
894 1073723383 1073723659 276 -32
895 1073723483 1073723739 256 -20
896 1073723572 1073723809 237 -19
897 1073723649 1073723881 232 -5
898 1073723723 1073723931 208 -24
899 1073723800 1073723986 186 -22
900 1073723874 1073724047 173 -13
901 1073723943 1073724114 171 -2
902 1073724005 1073724164 159 -12
903 1073724060 1073724207 147 -12
904 1073724111 1073724244 133 -14
905 1073724162 1073724285 123 -10
906 1073724215 1073724330 115 -8
907 1073724264 1073724370 106 -9
908 1073724306 1073724397 91 -15
909 1073724344 1073724423 79 -12
910 1073724379 1073724452 73 -6
911 1073724414 1073724482 68 -5
912 1073724448 1073724511 63 -5
913 1073724483 1073724549 66 3
914 1073724513 1073724571 58 -8
915 1073724537 1073724586 49 -9
916 1073724562 1073724608 46 -3
917 1073724586 1073724628 42 -4
918 1073724609 1073724652 43 1
919 1073724631 1073724671 40 -3
920 1073724652 1073724687 35 -5
921 1073724669 1073724697 28 -7
922 1073724684 1073724713 29 1
923 1073724700 1073724728 28 -1
924 1073724716 1073724741 25 -3
925 1073724731 1073724755 24 -1
926 1073724744 1073724764 20 -4
927 1073724756 1073724774 18 -2
928 1073724767 1073724784 17 -1
929 1073724776 1073724789 13 -4
930 1073724787 1073724798 11 -2
931 1073724797 1073724806 9 -2
932 1073724806 1073724811 5 -4
933 1073724813 1073724819 6 1
934 1073724820 1073724825 5 -1
935 1073724827 1073724829 2 -3
936 1073724833 1073724837 4 2
937 1073724840 1073724845 5 1
938 1073724846 1073724848 2 -3
939 1073724850 1073724849 -1 -3
940 1073724854 1073724854 0 1
941 1073724859 1073724858 -1 -1
942 1073724863 1073724860 -3 -2
943 1073724867 1073724868 1 4
944 1073724871 1073724873 2 1
945 1073724874 1073724874 0 -2
946 1073724876 1073724874 -2 -2
947 1073724879 1073724876 -3 -1
948 1073724882 1073724881 -1 2
949 1073724885 1073724885 0 1
950 1073724887 1073724887 0 0
951 1073724889 1073724889 0 0
952 1073724891 1073724891 0 0
953 1073724892 1073724893 1 1
954 1073724893 1073724895 2 1
955 1073724895 1073724897 2 0
956 1073724897 1073724897 0 -2
957 1073724898 1073724897 -1 -1
958 1073724899 1073724897 -2 -1
959 1073724900 1073724898 -2 0
960 1073724901 1073724900 -1 1
961 1073724901 1073724900 -1 0
962 1073724903 1073724901 -2 -1
963 1073724903 1073724903 0 2
964 1073724904 1073724903 -1 -1
965 1073724904 1073724905 1 2
966 1073724905 1073724905 0 -1
967 1073724906 1073724906 0 0
968 1073724906 1073724906 0 0
969 1073724907 1073724907 0 0
970 1073724907 1073724909 2 2
971 1073724907 1073724910 3 1
972 1073724907 1073724910 3 0
973 1073724908 1073724910 2 -1
974 1073724908 1073724910 2 0
975 1073724908 1073724910 2 0
976 1073724909 1073724910 1 -1
977 1073724909 1073724910 1 0
978 1073724909 1073724910 1 0
979 1073724909 1073724911 2 1
980 1073724909 1073724911 2 0
981 1073724909 1073724911 2 0
982 1073724909 1073724911 2 0
983 1073724910 1073724911 1 -1
984 1073724910 1073724911 1 0
985 1073724910 1073724911 1 0
986 1073724910 1073724911 1 0
987 1073724910 1073724911 1 0
988 1073724910 1073724911 1 0
989 1073724910 1073724911 1 0
990 1073724910 1073724911 1 0
991 1073724910 1073724911 1 0
992 1073724910 1073724911 1 0
993 1073724910 1073724911 1 0
994 1073724910 1073724911 1 0
995 1073724910 1073724911 1 0
997 1073724910 1073724911 1 0
998 1073724910 1073724911 1 0
999 1073724910 1073724911 1 0
1000 1073724910 1073724911 1 0
1001 1073724910 1073724911 1 0
1004 1073724910 1073724911 1 0
1005 1073724911 1073724911 0 -1
1006 1073724911 1073724911 0 0
1007 1073724911 1073724911 0 0
1008 1073724911 1073724911 0 0
1011 1073724911 1073724911 0 0
1012 1073724911 1073724911 0 0
1013 1073724911 1073724911 0 0
1015 1073724911 1073724911 0 0
1018 1073724911 1073724911 0 0
1019 1073724911 1073724911 0 0
1022 1073724911 1073724911 0 0
1025 1073724911 1073724911 0 0
1029 1073724911 1073724911 0 0
1036 1073724911 1073724911 0 0
1043 1073724911 1073724911 0 0
1050 1073724911 1073724911 0 0
