size expected actual delta size_delta
96 0 0 0 0
100 0 0 0 0
104 0 0 0 0
105 0 0 0 0
108 2 1 -1 -1
109 2 2 0 1
110 2 2 0 0
112 7 4 -3 -3
113 8 7 -1 2
114 9 7 -2 -1
115 9 7 -2 0
116 21 22 1 3
117 26 27 1 0
118 30 35 5 4
119 31 36 5 0
120 55 57 2 -3
121 69 69 0 -2
122 82 79 -3 -3
123 87 84 -3 0
124 134 131 -3 0
125 162 156 -6 -3
126 194 185 -9 -3
127 213 205 -8 1
128 298 292 -6 2
129 350 352 2 8
130 419 426 7 5
131 468 477 9 2
132 620 637 17 8
133 711 723 12 -5
134 839 841 2 -10
135 942 942 0 -2
136 1203 1210 7 7
137 1365 1368 3 -4
138 1589 1608 19 16
139 1773 1790 17 -2
140 2198 2237 39 22
141 2481 2525 44 5
142 2862 2935 73 29
143 3172 3244 72 -1
144 3826 3883 57 -15
145 4292 4348 56 -1
146 4920 4949 29 -27
147 5430 5437 7 -22
148 6405 6429 24 17
149 7122 7157 35 11
150 8105 8169 64 29
151 8926 8982 56 -8
152 10363 10413 50 -6
153 11427 11506 79 29
154 12886 12994 108 29
155 14139 14252 113 5
156 16235 16332 97 -16
157 17801 17921 120 23
158 19891 20055 164 44
159 21710 21896 186 22
160 24680 24761 81 -105
161 26965 27059 94 13
162 29927 29959 32 -62
163 32487 32574 87 55
164 36560 36626 66 -21
165 39788 39908 120 54
166 43950 44005 55 -65
167 47522 47438 -84 -139
168 52994 52948 -46 38
169 57393 57407 14 60
170 63092 63021 -71 -85
171 68050 68001 -49 22
172 75338 75283 -55 -6
173 81209 81234 25 80
174 88789 88953 164 139
175 95501 95752 251 87
176 105164 105433 269 18
177 112945 113234 289 20
178 122854 123202 348 59
179 131669 132019 350 2
180 144264 144577 313 -37
181 154554 154938 384 71
182 167407 167775 368 -16
183 178799 179127 328 -40
184 194862 195214 352 24
185 208236 208488 252 -100
186 224853 225195 342 90
187 239480 239717 237 -105
188 259718 259866 148 -89
189 276689 276889 200 52
190 297866 297895 29 -171
191 316619 317023 404 375
192 341971 342461 490 86
193 363245 363526 281 -209
194 389690 390152 462 181
195 413416 413695 279 -183
196 445112 445248 136 -143
197 471645 471709 64 -72
198 504329 504477 148 84
199 533721 533574 -147 -295
200 572933 572737 -196 -49
201 606008 605596 -412 -216
202 646204 646138 -66 346
203 682271 682147 -124 -58
204 729971 730070 99 223
205 770769 770729 -40 -139
206 820151 819888 -263 -223
207 864216 863787 -429 -166
208 921785 921569 -216 213
209 971200 971142 -58 158
210 1031317 1031766 449 507
211 1085147 1086063 916 467
212 1154334 1155018 684 -232
213 1213751 1214602 851 167
214 1285773 1286466 693 -158
215 1350959 1351240 281 -412
216 1434035 1434603 568 287
217 1505222 1505841 619 51
218 1590948 1591668 720 101
219 1668564 1669156 592 -128
220 1767604 1767653 49 -543
221 1852892 1852961 69 20
222 1954531 1954757 226 157
223 2046411 2046958 547 321
224 2162849 2163667 818 271
225 2264321 2265581 1260 442
226 2384734 2386055 1321 61
227 2493124 2494425 1301 -20
228 2629297 2631001 1704 403
229 2748199 2749538 1339 -365
230 2889994 2891093 1099 -240
231 3017877 3019024 1147 48
232 3176572 3177595 1023 -124
233 3315193 3316417 1224 201
234 3479910 3480998 1088 -136
235 3629943 3630765 822 -266
236 3814814 3816320 1506 684
237 3975944 3977537 1593 87
238 4166401 4168641 2240 647
239 4339856 4341674 1818 -422
240 4554121 4555681 1560 -258
241 4741512 4742588 1076 -484
242 4961089 4961785 696 -380
243 5160808 5161364 556 -140
244 5406032 5406545 513 -43
245 5622851 5623216 365 -148
246 5875938 5876144 206 -159
247 6105313 6105901 588 382
248 6385007 6385493 486 -102
249 6632472 6633482 1010 524
250 6922810 6923964 1154 144
251 7186270 7187141 871 -283
252 7504399 7505278 879 8
253 7786039 7785910 -129 -1008
254 8115095 8115179 84 213
255 8416428 8416206 -222 -306
256 8778106 8777676 -430 -208
257 9097740 9096907 -833 -403
258 9469626 9468860 -766 67
259 9809892 9808362 -1530 -764
260 10219630 10217215 -2415 -885
261 10582439 10580817 -1622 793
262 11001518 11000575 -943 679
263 11384728 11383142 -1586 -643
264 11843641 11842634 -1007 579
265 12254187 12252788 -1399 -392
266 12726430 12725208 -1222 177
267 13156927 13155462 -1465 -243
268 13669578 13667741 -1837 -372
269 14128245 14126879 -1366 471
270 14658783 14656999 -1784 -418
271 15142652 15139300 -3352 -1568
272 15714062 15711009 -3053 299
273 16225463 16222553 -2910 143
274 16814562 16812141 -2421 489
275 17356723 17354459 -2264 157
276 17993553 17990251 -3302 -1038
277 18562712 18558846 -3866 -564
278 19215745 19210970 -4775 -909
279 19815811 19810712 -5099 -324
280 20523453 20518367 -5086 13
281 21156829 21152222 -4607 479
282 21879176 21874020 -5156 -549
283 22542648 22537468 -5180 -24
284 23320677 23315193 -5484 -304
285 24023747 24019704 -4043 1441
286 24822317 24818367 -3950 93
287 25554148 25551718 -2430 1520
288 26408502 26405512 -2990 -560
289 27180079 27176866 -3213 -223
290 28061126 28057734 -3392 -179
291 28868351 28865892 -2459 933
292 29804131 29802737 -1394 1065
293 30649864 30648256 -1608 -214
294 31611618 31610658 -960 648
295 32500647 32500897 250 1210
296 33525568 33526767 1199 949
297 34450576 34452939 2363 1164
298 35498989 35501430 2441 78
299 36466566 36468814 2248 -193
300 37587319 37589820 2501 253
301 38599501 38603076 3575 1074
302 39740270 39746778 6508 2933
303 40792542 40797791 5249 -1259
304 42004837 42010359 5522 273
305 43110443 43114535 4092 -1430
306 44351614 44356260 4646 554
307 45494327 45498932 4605 -41
308 46805074 46810171 5097 492
309 47998905 48005997 7092 1995
310 49346673 49355149 8476 1384
311 50587178 50593907 6729 -1747
312 52002016 52009971 7955 1226
313 53291375 53299910 8535 580
314 54740063 54749851 9788 1253
315 56084858 56093449 8591 -1197
316 57610779 57617723 6944 -1647
317 59000340 59006511 6171 -773
318 60557391 60565700 8309 2138
319 61999858 62007714 7856 -453
320 63644061 63649741 5680 -2176
321 65141154 65145610 4456 -1224
322 66810595 66815227 4632 176
323 68357410 68362750 5340 708
324 70111701 70118359 6658 1318
325 71724032 71733656 9624 2966
326 73513894 73525742 11848 2224
327 75169257 75180842 11585 -263
328 77039802 77053859 14057 2472
329 78756760 78771551 14791 734
330 80674619 80690241 15622 831
331 82446816 82463270 16454 832
332 84438248 84453230 14982 -1472
333 86266887 86280700 13813 -1169
334 88299785 88313154 13369 -444
335 90195294 90206695 11401 -1968
336 92315344 92329943 14599 3198
337 94260589 94278258 17669 3070
338 96416530 96436821 20291 2622
339 98421559 98442435 20876 585
340 100675728 100694249 18521 -2355
341 102743815 102763876 20061 1540
342 105027041 105046632 19591 -470
343 107150378 107170933 20555 964
344 109524045 109547095 23050 2495
345 111721465 111744758 23293 243
346 114136672 114158022 21350 -1943
347 116380799 116400078 19279 -2071
348 118882395 118898494 16099 -3180
349 121193675 121207053 13378 -2721
350 123748345 123758855 10510 -2868
351 126118748 126127206 8458 -2052
352 128748689 128757400 8711 253
353 131180835 131187844 7009 -1702
354 133857418 133864308 6890 -119
355 136362450 136368772 6322 -568
356 139126882 139132593 5711 -611
357 141681234 141688123 6889 1178
358 144485059 144495094 10035 3146
359 147103523 147115364 11841 1806
360 150010249 150022525 12276 435
361 152693748 152707153 13405 1129
362 155626869 155637673 10804 -2601
363 158365806 158379634 13828 3024
364 161389632 161402104 12472 -1356
365 164208069 164222473 14404 1932
366 167276467 167287755 11288 -3116
367 170138535 170153560 15025 3737
368 173288072 173305517 17445 2420
369 176216326 176233703 17377 -68
370 179423368 179442671 19303 1926
371 182411760 182430632 18872 -431
372 185688542 185707724 19182 310
373 188736612 188752391 15779 -3403
374 192056930 192073579 16649 870
375 195177266 195194501 17235 586
376 198581186 198597266 16080 -1155
377 201747533 201764195 16662 582
378 205190707 205208581 17874 1212
379 208417162 208434152 16990 -884
380 211955497 211971738 16241 -749
381 215241999 215258687 16688 447
382 218802996 218820726 17730 1042
383 222142392 222161963 19571 1841
384 225787043 225810127 23084 3513
385 229202390 229220184 17794 -5290
386 232884531 232901247 16716 -1078
387 236334023 236353624 19601 2885
388 240088419 240106641 18222 -1379
389 243599845 243619892 20047 1825
390 247411365 247432767 21402 1355
391 250975295 250998797 23502 2100
392 254838147 254857360 19213 -4289
393 258452298 258473392 21094 1881
394 262354943 262374961 20018 -1076
395 266038013 266060062 22049 2031
396 270012980 270035906 22926 877
397 273729645 273752723 23078 152
398 277732633 277754300 21667 -1411
399 281498439 281523157 24718 3051
400 285585863 285609196 23333 -1385
401 289404362 289427990 23628 295
402 293506705 293530695 23990 362
403 297366510 297391297 24787 797
404 301531252 301559224 27972 3185
405 305455718 305481478 25760 -2212
406 309651487 309676035 24548 -1212
407 313599454 313625554 26100 1552
408 317852811 317875949 23138 -2962
409 321848558 321874736 26178 3040
410 326145174 326174091 28917 2739
411 330179131 330203981 24850 -4067
412 334509519 334530291 20772 -4078
413 338583221 338602670 19449 -1323
414 342944750 342965666 20916 1467
415 347074011 347094026 20015 -901
416 351482276 351501173 18897 -1118
417 355626711 355646704 19993 1096
418 360054304 360075285 20981 988
419 364236628 364255601 18973 -2008
420 368732240 368750879 18639 -334
421 372949684 372967689 18005 -634
422 377439509 377458363 18854 849
423 381681281 381698236 16955 -1899
424 386215138 386232999 17861 906
425 390509459 390529145 19686 1825
426 395063741 395085336 21595 1909
427 399362542 399384412 21870 275
428 403945306 403971443 26137 4267
429 408272138 408297518 25380 -757
430 412888201 412911045 22844 -2536
431 417240115 417257578 17463 -5381
432 421869565 421885395 15830 -1633
433 426241482 426255760 14278 -1552
434 430878802 430893297 14495 217
435 435287100 435301804 14704 209
436 439952050 439964522 12472 -2232
437 444359966 444371347 11381 -1091
438 449032304 449042212 9908 -1473
439 453457808 453467130 9322 -586
440 458166461 458177177 10716 1394
441 462605288 462616886 11598 882
442 467295597 467305660 10063 -1535
443 471745281 471754123 8842 -1221
444 476459254 476469145 9891 1049
445 480939309 480950830 11521 1630
446 485647693 485660951 13258 1737
447 490110982 490124753 13771 513
448 494829207 494843186 13979 208
449 499304359 499320155 15796 1817
450 504042631 504058830 16199 403
451 508521375 508539747 18372 2173
452 513239152 513259981 20829 2457
453 517715699 517732992 17293 -3536
454 522428909 522443779 14870 -2423
455 526926936 526943824 16888 2018
456 531647648 531664278 16630 -258
457 536122593 536139931 17338 708
458 540823434 540835066 11632 -5706
459 545293937 545303514 9577 -2055
460 550012300 550020570 8270 -1307
461 554480349 554490325 9976 1706
462 559167522 559178307 10785 809
463 563624978 563634387 9409 -1376
464 568301333 568310711 9378 -31
465 572765490 572773238 7748 -1630
466 577424276 577432973 8697 949
467 581858335 581872388 14053 5356
468 586509266 586523319 14053 0
469 590931885 590945994 14109 56
470 595572408 595585252 12844 -1265
471 599977243 599989760 12517 -327
472 604582260 604592819 10559 -1958
473 608970785 608982216 11431 872
474 613558410 613569789 11379 -52
475 617945564 617956189 10625 -754
476 622506462 622515086 8624 -2001
477 626849458 626858138 8680 56
478 631381166 631388132 6966 -1714
479 635706927 635714241 7314 348
480 640238269 640246703 8434 1120
481 644539114 644549940 10826 2392
482 649011223 649021773 10550 -276
483 653282083 653289466 7383 -3167
484 657729880 657740994 11114 3731
485 661993019 662004656 11637 523
486 666412164 666426053 13889 2252
487 670626106 670640912 14806 917
488 675005194 675019647 14453 -353
489 679187305 679200536 13231 -1222
490 683546283 683560115 13832 601
491 687699445 687715820 16375 2543
492 692011407 692030100 18693 2318
493 696128652 696147651 18999 306
494 700394110 700415907 21797 2798
495 704489576 704510460 20884 -913
496 708718561 708738210 19649 -1235
497 712761501 712782999 21498 1849
498 716953095 716971289 18194 -3304
499 720960081 720977729 17648 -546
500 725118299 725138377 20078 2430
501 729082185 729102947 20762 684
502 733178158 733200845 22687 1925
503 737104590 737126791 22201 -486
504 741166275 741186273 19998 -2203
505 745064365 745081417 17052 -2946
506 749069814 749084847 15033 -2019
507 752905190 752922092 16902 1869
508 756865568 756885325 19757 2855
509 760661637 760680192 18555 -1202
510 764593507 764613180 19673 1118
511 768344161 768360569 16408 -3265
512 772202619 772218562 15943 -465
513 775903285 775915587 12302 -3641
514 779713677 779726929 13252 950
515 783384616 783397137 12521 -731
516 787151949 787162133 10184 -2337
517 790757440 790768097 10657 473
518 794462707 794472192 9485 -1172
519 798019062 798028920 9858 373
520 801686991 801698148 11157 1299
521 805196211 805208162 11951 794
522 808801290 808812240 10950 -1001
523 812259999 812270032 10033 -917
524 815805029 815814119 9090 -943
525 819221344 819231713 10369 1279
526 822711769 822719440 7671 -2698
527 826065783 826072951 7168 -503
528 829509245 829515779 6534 -634
529 832811471 832819009 7538 1004
530 836200751 836208893 8142 604
531 839447596 839457251 9655 1513
532 842768791 842777994 9203 -452
533 845965476 845975902 10426 1223
534 849238761 849247258 8497 -1929
535 852392489 852403747 11258 2761
536 855599794 855611102 11308 50
537 858682543 858693525 10982 -326
538 861833834 861843430 9596 -1386
539 864868385 864879335 10950 1354
540 867980432 867992342 11910 960
541 870958622 870971034 12412 502
542 873990423 874004994 14571 2159
543 876911827 876925740 13913 -658
544 879889872 879902540 12668 -1245
545 882768903 882781882 12979 311
546 885695563 885709007 13444 465
547 888507087 888517439 10352 -3092
548 891367741 891375303 7562 -2790
549 894122679 894131940 9261 1699
550 896935264 896944135 8871 -390
551 899638622 899647692 9070 199
552 902389904 902399465 9561 491
553 905037454 905045000 7546 -2015
554 907723209 907730243 7034 -512
555 910321713 910328668 6955 -79
556 912951416 912957315 5899 -1056
557 915487099 915491626 4527 -1372
558 918067122 918072173 5051 524
559 920549512 920554763 5251 200
560 923071364 923078136 6772 1521
561 925495425 925503385 7960 1188
562 927951532 927960200 8668 708
563 930325935 930334653 8718 50
564 932734810 932743951 9141 423
565 935060974 935069461 8487 -654
566 937403859 937413582 9723 1236
567 939664448 939672850 8402 -1321
568 941954198 941962926 8728 326
569 944166246 944174956 8710 -18
570 946414107 946420797 6690 -2020
571 948571961 948577353 5392 -1298
572 950747388 950751553 4165 -1227
573 952850558 952853538 2980 -1185
574 954974601 954979047 4446 1466
575 957035286 957040237 4951 505
576 959112301 959116384 4083 -868
577 961111888 961114633 2745 -1338
578 963127312 963131852 4540 1795
579 965075025 965080153 5128 588
580 967045033 967049536 4503 -625
581 968944726 968947967 3241 -1262
582 970861567 970865027 3460 219
583 972711527 972713923 2396 -1064
584 974570085 974573596 3511 1115
585 976372608 976378817 6209 2698
586 978181141 978189209 8068 1859
587 979931258 979940246 8988 920
588 981697529 981705989 8460 -528
589 983399842 983409237 9395 935
590 985112624 985123846 11222 1827
591 986764576 986774595 10019 -1203
592 988423534 988432554 9020 -999
593 990032550 990041609 9059 39
594 991651481 991657793 6312 -2747
595 993217766 993223814 6048 -264
596 994780875 994787033 6158 110
597 996292947 996298701 5754 -404
598 997811882 997819110 7228 1474
599 999283789 999290923 7134 -94
600 1000767171 1000774539 7368 234
601 1002193693 1002200220 6527 -841
602 1003618577 1003624018 5441 -1086
603 1005000441 1005006162 5721 280
604 1006384110 1006389065 4955 -766
605 1007729744 1007733723 3979 -976
606 1009075596 1009079334 3738 -241
607 1010373657 1010376863 3206 -532
608 1011670491 1011674624 4133 927
609 1012926486 1012929672 3186 -947
610 1014185928 1014190735 4807 1621
611 1015404377 1015409605 5228 421
612 1016624313 1016628536 4223 -1005
613 1017803327 1017806668 3341 -882
614 1018977125 1018981790 4665 1324
615 1020118120 1020123326 5206 541
616 1021253845 1021258824 4979 -227
617 1022355545 1022360899 5354 375
618 1023459443 1023463255 3812 -1542
619 1024524721 1024528479 3758 -54
620 1025586495 1025591524 5029 1271
621 1026612981 1026617087 4106 -923
622 1027635646 1027641404 5758 1652
623 1028630514 1028635145 4631 -1127
624 1029623939 1029629230 5291 660
625 1030585583 1030590117 4534 -757
626 1031537080 1031540883 3803 -731
627 1032459368 1032462171 2803 -1000
628 1033378949 1033382692 3743 940
629 1034272068 1034275523 3455 -288
630 1035165408 1035169335 3927 472
631 1036025448 1036030614 5166 1239
632 1036876902 1036881820 4918 -248
633 1037704404 1037708952 4548 -370
634 1038526461 1038530017 3556 -992
635 1039327680 1039330855 3175 -381
636 1040123659 1040127596 3937 762
637 1040891682 1040896436 4754 817
638 1041652494 1041657553 5059 305
639 1042390601 1042396274 5673 614
640 1043124976 1043131611 6635 962
641 1043837034 1043844050 7016 381
642 1044545144 1044551094 5950 -1066
643 1045230093 1045235840 5747 -203
644 1045905962 1045912586 6624 877
645 1046563644 1046568692 5048 -1576
646 1047213693 1047218534 4841 -207
647 1047845646 1047851111 5465 624
648 1048474726 1048480479 5753 288
649 1049081842 1049086705 4863 -890
650 1049681618 1049687761 6143 1280
651 1050262440 1050268729 6289 146
652 1050836849 1050843787 6938 649
653 1051396898 1051403457 6559 -379
654 1051952478 1051958825 6347 -212
655 1052490048 1052496344 6296 -51
656 1053017561 1053023833 6272 -24
657 1053529503 1053536691 7188 916
658 1054036509 1054043797 7288 100
659 1054529766 1054536793 7027 -261
660 1055019834 1055026325 6491 -536
661 1055491675 1055497914 6239 -252
662 1055954725 1055961589 6864 625
663 1056405448 1056412711 7263 399
664 1056850090 1056858404 8314 1051
665 1057284028 1057292781 8753 439
666 1057712575 1057722352 9777 1024
667 1058125892 1058135656 9764 -13
668 1058531968 1058541496 9528 -236
669 1058926140 1058935803 9663 135
670 1059315632 1059324931 9299 -364
671 1059694076 1059702763 8687 -612
672 1060068087 1060076023 7936 -751
673 1060429702 1060437671 7969 33
674 1060783445 1060791851 8406 437
675 1061127841 1061135695 7854 -552
676 1061466035 1061472356 6321 -1533
677 1061795348 1061801504 6156 -165
678 1062121403 1062127520 6117 -39
679 1062435737 1062441561 5824 -293
680 1062743468 1062748736 5268 -556
681 1063041705 1063047412 5707 439
682 1063334819 1063340713 5894 187
683 1063621047 1063627181 6134 240
684 1063903372 1063908961 5589 -545
685 1064176184 1064181650 5466 -123
686 1064441670 1064447048 5378 -88
687 1064699365 1064704544 5179 -199
688 1064953061 1064957954 4893 -286
689 1065200202 1065205053 4851 -42
690 1065444276 1065449963 5687 836
691 1065679079 1065684613 5534 -153
692 1065907546 1065913149 5603 69
693 1066129976 1066135341 5365 -238
694 1066348057 1066352942 4885 -480
695 1066561071 1066565886 4815 -70
696 1066770417 1066774906 4489 -326
697 1066971949 1066976381 4432 -57
698 1067168352 1067173084 4732 300
699 1067358987 1067363128 4141 -591
700 1067546156 1067550546 4390 249
701 1067728252 1067732394 4142 -248
702 1067907294 1067911783 4489 347
703 1068080187 1068084644 4457 -32
704 1068247774 1068251862 4088 -369
705 1068410843 1068415312 4469 381
706 1068570183 1068574368 4185 -284
707 1068725455 1068729831 4376 191
708 1068878438 1068882970 4532 156
709 1069025606 1069029652 4046 -486
710 1069168426 1069172455 4029 -17
711 1069306772 1069310285 3513 -516
712 1069442010 1069445537 3527 14
713 1069574261 1069577859 3598 71
714 1069704039 1069707191 3152 -446
715 1069829112 1069832182 3070 -82
716 1069949788 1069952774 2986 -84
717 1070066858 1070069778 2920 -66
718 1070181514 1070184684 3170 250
719 1070293300 1070296010 2710 -460
720 1070403174 1070405703 2529 -181
721 1070508632 1070511179 2547 18
722 1070610312 1070613447 3135 588
723 1070709230 1070712304 3074 -61
724 1070805743 1070809503 3760 686
725 1070900017 1070903886 3869 109
726 1070992304 1070995890 3586 -283
727 1071080945 1071084242 3297 -289
728 1071166542 1071169834 3292 -5
729 1071249487 1071252375 2888 -404
730 1071330507 1071333525 3018 130
731 1071409446 1071412673 3227 209
732 1071486692 1071489891 3199 -28
733 1071561105 1071564170 3065 -134
734 1071632592 1071635359 2767 -298
735 1071701996 1071704438 2442 -325
736 1071769512 1071772006 2494 52
737 1071835329 1071837922 2593 99
738 1071899963 1071902687 2724 131
739 1071961924 1071964790 2866 142
740 1072021477 1072024309 2832 -34
741 1072079098 1072081992 2894 62
742 1072135161 1072137926 2765 -129
743 1072190012 1072192717 2705 -60
744 1072243612 1072246251 2639 -66
745 1072295116 1072297776 2660 21
746 1072344339 1072346919 2580 -80
747 1072391987 1072394295 2308 -272
748 1072438494 1072440544 2050 -258
749 1072483825 1072486075 2250 200
750 1072528194 1072530097 1903 -347
751 1072570644 1072572609 1965 62
752 1072611204 1072612952 1748 -217
753 1072650551 1072652098 1547 -201
754 1072688796 1072690153 1357 -190
755 1072726167 1072727544 1377 20
756 1072762619 1072764002 1383 6
757 1072797494 1072798954 1460 77
758 1072830841 1072832091 1250 -210
759 1072863082 1072864140 1058 -192
760 1072894440 1072895366 926 -132
761 1072925008 1072926176 1168 242
762 1072954837 1072955757 920 -248
763 1072983453 1072984617 1164 244
764 1073010657 1073011866 1209 45
765 1073036965 1073038058 1093 -116
766 1073062509 1073063642 1133 40
767 1073087398 1073088747 1349 216
768 1073111768 1073112728 960 -389
769 1073135050 1073135760 710 -250
770 1073157173 1073158008 835 125
771 1073178503 1073179041 538 -297
772 1073199186 1073199807 621 83
773 1073219449 1073219846 397 -224
774 1073239179 1073239457 278 -119
775 1073258053 1073258346 293 15
776 1073275919 1073276179 260 -33
777 1073293125 1073293388 263 3
778 1073309873 1073310206 333 70
779 1073326192 1073326722 530 197
780 1073342134 1073342665 531 1
781 1073357322 1073357959 637 106
782 1073371669 1073372538 869 232
783 1073385537 1073386425 888 19
784 1073398969 1073399505 536 -352
785 1073412086 1073412848 762 226
786 1073424851 1073425706 855 93
787 1073437026 1073437876 850 -5
788 1073448531 1073449304 773 -77
789 1073459592 1073460341 749 -24
790 1073470334 1073471072 738 -11
791 1073480798 1073481486 688 -50
792 1073490981 1073491725 744 56
793 1073500707 1073501440 733 -11
794 1073509858 1073510706 848 115
795 1073518646 1073519279 633 -215
796 1073527165 1073527675 510 -123
797 1073535473 1073536038 565 55
798 1073543583 1073544162 579 14
799 1073551292 1073551840 548 -31
800 1073558523 1073559040 517 -31
801 1073565468 1073565935 467 -50
802 1073572185 1073572491 306 -161
803 1073578762 1073579014 252 -54
804 1073585163 1073585482 319 67
805 1073591247 1073591538 291 -28
806 1073596935 1073597159 224 -67
807 1073602369 1073602572 203 -21
808 1073607668 1073607789 121 -82
809 1073612824 1073612912 88 -33
810 1073617847 1073617899 52 -36
811 1073622620 1073622693 73 21
812 1073627064 1073627147 83 10
813 1073631323 1073631414 91 8
814 1073635442 1073635590 148 57
815 1073639475 1073639567 92 -56
816 1073643391 1073643528 137 45
817 1073647103 1073647282 179 42
818 1073650574 1073650777 203 24
819 1073653875 1073654000 125 -78
820 1073657074 1073657140 66 -59
821 1073660190 1073660271 81 15
822 1073663230 1073663313 83 2
823 1073666117 1073666186 69 -14
824 1073668791 1073668870 79 10
825 1073671339 1073671465 126 47
826 1073673805 1073673887 82 -44
827 1073676207 1073676236 29 -53
828 1073678548 1073678619 71 42
829 1073680774 1073680842 68 -3
830 1073682828 1073682838 10 -58
831 1073684775 1073684793 18 8
832 1073686664 1073686662 -2 -20
833 1073688510 1073688435 -75 -73
834 1073690303 1073690313 10 85
835 1073691998 1073691974 -24 -34
836 1073693569 1073693624 55 79
837 1073695049 1073695091 42 -13
838 1073696487 1073696514 27 -15
839 1073697892 1073697932 40 13
840 1073699257 1073699228 -29 -69
841 1073700548 1073700517 -31 -2
842 1073701728 1073701707 -21 10
843 1073702854 1073702784 -70 -49
844 1073703940 1073703897 -43 27
845 1073704999 1073704932 -67 -24
846 1073706031 1073705969 -62 5
847 1073707005 1073706927 -78 -16
848 1073707899 1073707853 -46 32
849 1073708735 1073708693 -42 4
850 1073709553 1073709485 -68 -26
851 1073710348 1073710302 -46 22
852 1073711119 1073711103 -16 30
853 1073711853 1073711789 -64 -48
854 1073712521 1073712522 1 65
855 1073713145 1073713127 -18 -19
856 1073713747 1073713708 -39 -21
857 1073714341 1073714270 -71 -32
858 1073714918 1073714865 -53 18
859 1073715462 1073715431 -31 22
860 1073715958 1073715892 -66 -35
861 1073716420 1073716371 -49 17
862 1073716865 1073716802 -63 -14
863 1073717300 1073717268 -32 31
864 1073717728 1073717695 -33 -1
865 1073718131 1073718098 -33 0
866 1073718495 1073718487 -8 25
867 1073718833 1073718817 -16 -8
868 1073719161 1073719118 -43 -27
869 1073719481 1073719415 -66 -23
870 1073719790 1073719723 -67 -1
871 1073720087 1073720024 -63 4
872 1073720353 1073720309 -44 19
873 1073720598 1073720558 -40 4
874 1073720837 1073720810 -27 13
875 1073721069 1073721044 -25 2
876 1073721295 1073721287 -8 17
877 1073721507 1073721511 4 12
878 1073721703 1073721677 -26 -30
879 1073721880 1073721853 -27 -1
880 1073722050 1073722032 -18 9
881 1073722218 1073722197 -21 -3
882 1073722381 1073722356 -25 -4
883 1073722535 1073722502 -33 -8
884 1073722672 1073722629 -43 -10
885 1073722800 1073722769 -31 12
886 1073722922 1073722883 -39 -8
887 1073723041 1073723012 -29 10
888 1073723158 1073723137 -21 8
889 1073723268 1073723246 -22 -1
890 1073723367 1073723341 -26 -4
891 1073723454 1073723417 -37 -11
892 1073723542 1073723508 -34 3
893 1073723626 1073723587 -39 -5
894 1073723708 1073723659 -49 -10
895 1073723786 1073723739 -47 2
896 1073723856 1073723809 -47 0
897 1073723918 1073723881 -37 10
898 1073723977 1073723931 -46 -9
899 1073724037 1073723986 -51 -5
900 1073724095 1073724047 -48 3
901 1073724149 1073724114 -35 13
902 1073724198 1073724164 -34 1
903 1073724242 1073724207 -35 -1
904 1073724282 1073724244 -38 -3
905 1073724323 1073724285 -38 0
906 1073724364 1073724330 -34 4
907 1073724401 1073724370 -31 3
908 1073724435 1073724397 -38 -7
909 1073724465 1073724423 -42 -4
910 1073724493 1073724452 -41 1
911 1073724520 1073724482 -38 3
912 1073724547 1073724511 -36 2
913 1073724574 1073724549 -25 11
914 1073724597 1073724571 -26 -1
915 1073724617 1073724586 -31 -5
916 1073724636 1073724608 -28 3
917 1073724655 1073724628 -27 1
918 1073724673 1073724652 -21 6
919 1073724690 1073724671 -19 2
920 1073724707 1073724687 -20 -1
921 1073724720 1073724697 -23 -3
922 1073724732 1073724713 -19 4
923 1073724745 1073724728 -17 2
924 1073724758 1073724741 -17 0
925 1073724769 1073724755 -14 3
926 1073724779 1073724764 -15 -1
927 1073724789 1073724774 -15 0
928 1073724797 1073724784 -13 2
929 1073724805 1073724789 -16 -3
930 1073724813 1073724798 -15 1
931 1073724821 1073724806 -15 0
932 1073724828 1073724811 -17 -2
933 1073724833 1073724819 -14 3
934 1073724839 1073724825 -14 0
935 1073724844 1073724829 -15 -1
936 1073724849 1073724837 -12 3
937 1073724854 1073724845 -9 3
938 1073724859 1073724848 -11 -2
939 1073724863 1073724849 -14 -3
940 1073724866 1073724854 -12 2
941 1073724870 1073724858 -12 0
942 1073724873 1073724860 -13 -1
943 1073724876 1073724868 -8 5
944 1073724879 1073724873 -6 2
945 1073724882 1073724874 -8 -2
946 1073724883 1073724874 -9 -1
947 1073724885 1073724876 -9 0
948 1073724888 1073724881 -7 2
949 1073724890 1073724885 -5 2
950 1073724891 1073724887 -4 1
951 1073724893 1073724889 -4 0
952 1073724894 1073724891 -3 1
953 1073724896 1073724893 -3 0
954 1073724897 1073724895 -2 1
955 1073724898 1073724897 -1 1
956 1073724899 1073724897 -2 -1
957 1073724900 1073724897 -3 -1
958 1073724901 1073724897 -4 -1
959 1073724902 1073724898 -4 0
960 1073724903 1073724900 -3 1
961 1073724903 1073724900 -3 0
962 1073724904 1073724901 -3 0
963 1073724905 1073724903 -2 1
964 1073724905 1073724903 -2 0
965 1073724906 1073724905 -1 1
966 1073724906 1073724905 -1 0
967 1073724906 1073724906 0 1
968 1073724907 1073724906 -1 -1
969 1073724907 1073724907 0 1
970 1073724908 1073724909 1 1
971 1073724908 1073724910 2 1
972 1073724908 1073724910 2 0
973 1073724908 1073724910 2 0
974 1073724909 1073724910 1 -1
975 1073724909 1073724910 1 0
976 1073724909 1073724910 1 0
977 1073724909 1073724910 1 0
978 1073724909 1073724910 1 0
979 1073724909 1073724911 2 1
980 1073724909 1073724911 2 0
981 1073724910 1073724911 1 -1
982 1073724910 1073724911 1 0
983 1073724910 1073724911 1 0
984 1073724910 1073724911 1 0
985 1073724910 1073724911 1 0
986 1073724910 1073724911 1 0
987 1073724910 1073724911 1 0
988 1073724910 1073724911 1 0
989 1073724910 1073724911 1 0
990 1073724910 1073724911 1 0
991 1073724910 1073724911 1 0
992 1073724910 1073724911 1 0
993 1073724910 1073724911 1 0
994 1073724910 1073724911 1 0
995 1073724910 1073724911 1 0
997 1073724910 1073724911 1 0
998 1073724910 1073724911 1 0
999 1073724910 1073724911 1 0
1000 1073724910 1073724911 1 0
1001 1073724910 1073724911 1 0
1004 1073724910 1073724911 1 0
1005 1073724910 1073724911 1 0
1006 1073724910 1073724911 1 0
1007 1073724910 1073724911 1 0
1008 1073724910 1073724911 1 0
1011 1073724910 1073724911 1 0
1012 1073724910 1073724911 1 0
1013 1073724910 1073724911 1 0
1015 1073724910 1073724911 1 0
1018 1073724910 1073724911 1 0
1019 1073724910 1073724911 1 0
1022 1073724910 1073724911 1 0
1025 1073724910 1073724911 1 0
1029 1073724910 1073724911 1 0
1036 1073724911 1073724911 0 -1
1043 1073724911 1073724911 0 0
1050 1073724911 1073724911 0 0
