seed=0 size=738 (14,6) (9,4) (20,4) (19,6) (18,5) (19,5) (12,4) (19,5) (24,4) 
seed=0 size=738 (14,6) (9,4) (20,4) (19,6) (18,5) (19,5) (12,4) (19,5) (24,4) 
seed=1 size=645 (4,4) (18,6) (16,6) (16,5) (6,6) (16,4) (13,7) (18,5) (16,4) 
seed=2 size=621 (19,5) (15,4) (10,5) (12,5) (5,5) (15,6) (25,7) (4,6) (7,6) 
seed=3 size=750 (17,6) (11,4) (11,6) (24,5) (21,6) (6,6) (4,4) (22,6) (18,6) 
seed=4 size=602 (13,4) (5,5) (5,4) (9,7) (20,6) (24,5) (10,7) (8,6) (21,4) 
seed=5 size=752 gone (18,5) (16,5) (20,7) (22,5) (14,6) (8,4) (21,4) (22,6) 
seed=7 size=516 (9,5) (6,4) (12,5) (16,5) gone (7,5) (21,4) (22,6) (8,7) 
seed=9 size=370 (7,5) (12,4) (5,4) (5,7) (4,6) (22,4) (13,6) (6,7) gone 
seed=10 size=349 (17,4) gone (22,4) (6,6) (9,5) gone (5,4) (10,5) (7,6) 
seed=1d size=787 (16,5) (20,4) (24,5) (13,6) (25,7) gone (10,7) (6,5) (22,7) 
seed=30 size=807 (15,6) (24,5) (14,4) (17,6) (18,4) (10,4) (17,7) (20,5) (18,6) 
seed=31 size=835 (23,4) (19,5) (13,6) (15,7) (15,6) (9,5) (24,5) (21,5) (21,5) 
seed=5b size=339 gone (6,6) (15,5) gone (7,7) (12,5) gone (9,7) (14,4) 
seed=8b size=336 (18,4) (7,5) (5,5) (17,4) gone (7,4) (18,6) gone gone 
seed=91 size=854 (19,5) (23,4) (24,5) (14,6) (23,5) (24,7) (17,6) (7,6) (6,6) 
seed=b6 size=313 (12,6) gone (6,5) gone (11,5) gone (8,7) (12,6) (7,4) 
seed=d1 size=274 gone (7,4) (10,4) (21,4) (15,4) gone (5,4) (6,7) gone 
seed=e5 size=265 (7,4) (4,4) gone (9,5) gone (4,5) gone (20,7) (4,4) 
seed=11a size=959 (6,4) (25,5) (22,4) (8,6) (24,7) (19,5) (21,7) (24,4) (24,7) 
seed=149 size=262 gone (8,4) (4,5) (16,5) gone (6,4) (13,4) gone (9,6) 
seed=1d7 size=975 (14,4) (15,6) (23,6) (22,7) (7,7) (25,6) (25,5) (11,6) (21,7) 
seed=2f3 size=1026 (22,4) (24,4) (21,6) (15,5) (24,6) (22,6) (15,6) (25,7) (20,5) 
seed=37c size=222 gone (11,5) (6,4) (4,4) (8,7) gone gone (7,5) (6,6) 
seed=720 size=1180 gone (20,6) (23,6) (24,7) (25,7) (22,7) (24,7) (22,5) (21,7) 
seed=818 size=215 gone (13,4) (11,4) (6,5) gone (4,4) gone (6,4) (7,7) 
seed=9c0 size=214 (4,4) (9,4) (7,4) gone (9,6) (8,7) gone (4,6) gone 
seed=1b74 size=175 (7,5) (5,4) (6,6) (6,4) (8,5) gone gone (5,4) gone 
seed=23c50 size=156 (6,5) gone gone (4,5) (5,4) (7,4) gone (5,6) (4,7) 
seed=58e67 size=1196 (25,6) (22,4) (24,6) (25,7) (19,7) (25,6) (25,6) (13,7) (23,5) 
seed=7c411 size=153 (5,4) (7,4) (5,6) gone gone (5,4) (5,4) gone (7,5) 
seed=7e86a size=1228 (20,6) (23,6) (18,5) (25,7) (25,7) (21,5) (22,7) (19,7) (23,6) 
seed=346cf2 size=152 gone (9,4) (4,4) (10,4) gone gone (4,5) (4,4) (4,6) 
seed=360bd3 size=151 gone gone (4,5) (7,4) gone (4,5) (5,4) (4,7) (7,5) 
seed=533e9a size=143 (4,4) gone (4,4) gone (6,7) (6,4) (4,5) gone (5,5) 
seed=6183fb size=1257 (17,5) (23,6) (24,6) (25,7) (22,7) (18,7) (25,7) (22,5) (25,6) 
seed=62d658 size=140 (5,4) (7,4) gone (4,4) gone (8,5) gone (5,4) (4,4) 
seed=9a4484 size=137 (6,6) (5,4) gone gone (4,5) gone (4,4) (4,5) (5,5) 
seed=c331c6 size=133 (5,6) (7,5) (5,4) gone (4,4) (4,4) (4,4) gone gone 
seed=f4d35a size=131 (6,4) (4,4) (6,5) gone (5,4) (5,5) gone (4,4) gone 
seed=10d8a29 size=1262 (22,5) (20,6) (20,6) (21,7) (23,7) (22,7) (24,7) (23,6) (24,6) 
seed=14592eb size=1275 (23,4) (20,6) (22,6) (23,7) (24,7) (25,7) (14,6) (25,7) (24,7) 
seed=1f88794 size=128 (4,4) (5,4) (4,6) (4,4) gone gone (8,4) (4,5) gone 
seed=287fc68 size=1281 (25,6) (23,6) (25,6) (15,7) (22,6) (24,5) (25,6) (24,7) (24,7) 
seed=331a013 size=118 (4,4) gone gone gone (5,6) (4,4) (4,4) (4,4) (4,6) 
seed=56ab456 size=116 (4,4) (4,5) gone (4,5) (4,5) gone (6,4) (4,4) gone 
seed=6ca78b7 size=1294 (24,6) (16,6) (21,6) (25,7) (22,4) (25,7) (22,7) (23,7) (25,7) 
seed=9fa340a size=1298 (19,5) (24,6) (22,6) (22,7) (23,7) (24,6) (25,5) (24,7) (25,7) 
seed=155f093e size=1302 (23,6) (23,6) (25,4) (25,7) (25,7) (22,7) (20,7) (25,6) (22,6) 
seed=1656617b size=1319 (21,6) (19,5) (22,6) (24,7) (25,7) (24,7) (24,7) (17,7) (24,7) 
seed=2d6a617b size=1337 (25,6) (21,5) (24,6) (20,7) (21,7) (24,7) (24,7) (21,7) (24,7) 
seed=467b18cb size=113 gone (4,4) gone (4,4) gone (4,5) (5,4) (5,5) (4,4) 
seed=4992e650 size=1343 (22,6) (25,6) (24,6) (22,7) (25,7) (20,7) (23,7) (16,7) (25,7) 
seed=9cced3ac size=112 (4,4) (4,4) (5,4) (4,4) gone gone (4,7) (4,4) gone 
seed=a8b9a483 size=1392 (22,6) (24,5) (22,6) (22,7) (23,7) (25,7) (24,7) (25,7) (25,7) 
